[gd_scene load_steps=14 format=2]

[ext_resource path="res://Scenes/Player.tscn" type="PackedScene" id=1]
[ext_resource path="res://Sound/Music/PrototypeLoop.ogg" type="AudioStream" id=2]
[ext_resource path="res://Scenes/BGForestMedium.tscn" type="PackedScene" id=3]
[ext_resource path="res://Scenes/BGForestSmall.tscn" type="PackedScene" id=4]
[ext_resource path="res://Scenes/ForestWall.tscn" type="PackedScene" id=5]
[ext_resource path="res://Scenes/Campfire.tscn" type="PackedScene" id=6]
[ext_resource path="res://Scenes/ItemTapshoe.tscn" type="PackedScene" id=7]
[ext_resource path="res://Scenes/Monster.tscn" type="PackedScene" id=8]
[ext_resource path="res://Materials/wormy_ground_diffuse.tga" type="Texture" id=9]
[ext_resource path="res://Materials/wormy_ground_normals.tga" type="Texture" id=10]

[sub_resource type="Environment" id=1]

background_mode = 0
background_sky_custom_fov = 0.0
background_color = Color( 0, 0, 0, 1 )
background_energy = 1.0
background_canvas_max_layer = 0
ambient_light_color = Color( 1, 1, 1, 1 )
ambient_light_energy = 1.0
ambient_light_sky_contribution = 1.0
fog_enabled = false
fog_color = Color( 0.5, 0.6, 0.7, 1 )
fog_sun_color = Color( 1, 0.9, 0.7, 1 )
fog_sun_amount = 0.0
fog_depth_enabled = true
fog_depth_begin = 10.0
fog_depth_curve = 1.0
fog_transmit_enabled = false
fog_transmit_curve = 1.0
fog_height_enabled = false
fog_height_min = 0.0
fog_height_max = 100.0
fog_height_curve = 1.0
tonemap_mode = 0
tonemap_exposure = 1.0
tonemap_white = 1.0
auto_exposure_enabled = false
auto_exposure_scale = 0.4
auto_exposure_min_luma = 0.05
auto_exposure_max_luma = 8.0
auto_exposure_speed = 0.5
ss_reflections_enabled = false
ss_reflections_max_steps = 64
ss_reflections_fade_in = 0.15
ss_reflections_fade_out = 2.0
ss_reflections_depth_tolerance = 0.2
ss_reflections_roughness = true
ssao_enabled = false
ssao_radius = 1.0
ssao_intensity = 1.0
ssao_radius2 = 0.0
ssao_intensity2 = 1.0
ssao_bias = 0.01
ssao_light_affect = 0.0
ssao_color = Color( 0, 0, 0, 1 )
ssao_quality = 0
ssao_blur = 3
ssao_edge_sharpness = 4.0
dof_blur_far_enabled = false
dof_blur_far_distance = 10.0
dof_blur_far_transition = 5.0
dof_blur_far_amount = 0.1
dof_blur_far_quality = 1
dof_blur_near_enabled = false
dof_blur_near_distance = 2.0
dof_blur_near_transition = 1.0
dof_blur_near_amount = 0.1
dof_blur_near_quality = 1
glow_enabled = false
glow_levels/1 = false
glow_levels/2 = false
glow_levels/3 = true
glow_levels/4 = false
glow_levels/5 = true
glow_levels/6 = false
glow_levels/7 = false
glow_intensity = 0.8
glow_strength = 1.0
glow_bloom = 0.0
glow_blend_mode = 2
glow_hdr_threshold = 1.0
glow_hdr_scale = 2.0
glow_bicubic_upscale = false
adjustment_enabled = false
adjustment_brightness = 1.0
adjustment_contrast = 1.0
adjustment_saturation = 1.0
_sections_unfolded = [ "Ambient Light", "Background" ]

[sub_resource type="SpatialMaterial" id=4]

render_priority = 0
flags_transparent = false
flags_unshaded = false
flags_vertex_lighting = false
flags_no_depth_test = false
flags_use_point_size = false
flags_world_triplanar = false
flags_fixed_size = false
flags_albedo_tex_force_srgb = false
vertex_color_use_as_albedo = false
vertex_color_is_srgb = false
params_diffuse_mode = 0
params_specular_mode = 0
params_blend_mode = 0
params_cull_mode = 0
params_depth_draw_mode = 0
params_line_width = 1.0
params_point_size = 1.0
params_billboard_mode = 0
params_grow = false
params_use_alpha_scissor = false
albedo_color = Color( 1, 1, 1, 1 )
albedo_texture = ExtResource( 9 )
metallic = 0.0
metallic_specular = 0.5
metallic_texture_channel = 0
roughness = 0.0
roughness_texture_channel = 0
emission_enabled = false
normal_enabled = true
normal_scale = 1.0
normal_texture = ExtResource( 10 )
rim_enabled = false
clearcoat_enabled = false
anisotropy_enabled = false
ao_enabled = false
depth_enabled = false
subsurf_scatter_enabled = false
transmission_enabled = false
refraction_enabled = false
detail_enabled = false
uv1_scale = Vector3( 1, 1, 1 )
uv1_offset = Vector3( 0, 0, 0 )
uv1_triplanar = true
uv1_triplanar_sharpness = 1.0
uv2_scale = Vector3( 1, 1, 1 )
uv2_offset = Vector3( 0, 0, 0 )
uv2_triplanar = false
uv2_triplanar_sharpness = 1.0
proximity_fade_enable = false
distance_fade_enable = false
_sections_unfolded = [ "Metallic", "UV1", "UV2" ]

[sub_resource type="PlaneMesh" id=3]

material = SubResource( 4 )
custom_aabb = AABB( 0, 0, 0, 0, 0, 0 )
size = Vector2( 100, 80 )
subdivide_width = 0
subdivide_depth = 0

[node name="World" type="Spatial" index="0"]

_sections_unfolded = [ "Transform", "Visibility" ]

[node name="Player" parent="." index="0" instance=ExtResource( 1 )]

[node name="WorldEnvironment" type="WorldEnvironment" parent="." index="1"]

environment = SubResource( 1 )

[node name="MusicPlayer" type="AudioStreamPlayer" parent="." index="2"]

stream = ExtResource( 2 )
volume_db = -10.0
pitch_scale = 1.0
autoplay = true
mix_target = 0
bus = "Master"
_sections_unfolded = [ "Pause" ]

[node name="Background" type="Node" parent="." index="3"]

editor/display_folded = true

[node name="BGForestMedium" parent="Background" index="0" instance=ExtResource( 3 )]

transform = Transform( 0.986379, 0, 0.16449, 0, 1, 0, -0.16449, 0, 0.986379, -5.84842, 0, -29.5578 )

[node name="BGForestMedium2" parent="Background" index="1" instance=ExtResource( 3 )]

transform = Transform( 1, 0, 0, 0, 1, 0, 0, 0, 1, 11.6226, 0, -28.6843 )

[node name="BGForestMedium4" parent="Background" index="2" instance=ExtResource( 3 )]

transform = Transform( 0.334572, 0, 0.94237, 0, 1, 0, -0.94237, 0, 0.334572, -13.1949, 0, -21.184 )

[node name="BGForestMedium5" parent="Background" index="3" instance=ExtResource( 3 )]

transform = Transform( -4.37114e-008, 0, 1, 0, 1, 0, -1, 0, -4.37114e-008, -16.2074, 0, -2.6758 )

[node name="BGForestMedium6" parent="Background" index="4" instance=ExtResource( 3 )]

transform = Transform( 0.978061, 0, -0.208317, 0, 1, 0, 0.208317, 0, 0.978061, 8.12798, 0, 24.7521 )

[node name="BGForestMedium7" parent="Background" index="5" instance=ExtResource( 3 )]

transform = Transform( 0.846733, 0, 0.532018, 0, 1, 0, -0.532018, 0, 0.846733, 21.5616, 0, 22.3159 )

[node name="BGForestMedium8" parent="Background" index="6" instance=ExtResource( 3 )]

transform = Transform( 0.00774017, 0, 0.99997, 0, 1, 0, -0.99997, 0, 0.00774017, 28.3445, 0, 11.0156 )

[node name="BGForestMedium9" parent="Background" index="7" instance=ExtResource( 3 )]

transform = Transform( 0.999528, 0, -0.0307217, 0, 1, 0, 0.0307217, 0, 0.999528, 42.5603, 0, 6.65169 )

[node name="BGForestMedium10" parent="Background" index="8" instance=ExtResource( 3 )]

transform = Transform( 0.854356, 0, 0.519689, 0, 1, 0, -0.519689, 0, 0.854356, 55.2121, 0, 1.9392 )

[node name="BGForestMedium11" parent="Background" index="9" instance=ExtResource( 3 )]

transform = Transform( 0.999528, 0, -0.0307217, 0, 1, 0, 0.0307217, 0, 0.999528, 43.4607, 0, -28.3946 )

[node name="BGForestMedium12" parent="Background" index="10" instance=ExtResource( 3 )]

transform = Transform( 0.884477, 0, 0.466582, 0, 1, 0, -0.466582, 0, 0.884477, 27.4292, 0, -25.5903 )

[node name="BGForestMedium13" parent="Background" index="11" instance=ExtResource( 3 )]

transform = Transform( -0.160055, 0, -0.987108, 0, 1, 0, 0.987108, 0, -0.160055, 69.4047, 0, -6.75644 )

[node name="BGForestMedium14" parent="Background" index="12" instance=ExtResource( 3 )]

transform = Transform( 0.94381, 0, -0.330488, 0, 1, 0, 0.330488, 0, 0.94381, 61.6214, 0, -24.8161 )

[node name="BGForestSmall" parent="Background" index="13" instance=ExtResource( 4 )]

transform = Transform( -4.37114e-008, 0, 1, 0, 1, 0, -1, 0, -4.37114e-008, -16.2916, 0, 9.5593 )
_sections_unfolded = [ "Transform" ]

[node name="BGForestSmall2" parent="Background" index="14" instance=ExtResource( 4 )]

transform = Transform( -0.228933, 0, 0.973442, 0, 1, 0, -0.973442, 0, -0.228933, -15.2423, 0, 16.5584 )
_sections_unfolded = [ "Transform" ]

[node name="BGForestSmall3" parent="Background" index="15" instance=ExtResource( 4 )]

transform = Transform( -0.698909, 0, 0.715211, 0, 1, 0, -0.715211, 0, -0.698909, -14.3155, -0.0342388, 23.5732 )
_sections_unfolded = [ "Transform" ]

[node name="BGForestSmall4" parent="Background" index="16" instance=ExtResource( 4 )]

transform = Transform( -0.421358, 0, -0.906895, 0, 1, 0, 0.906895, 0, -0.421358, -4.73263, 0, 35.5303 )
_sections_unfolded = [ "Transform" ]

[node name="BGForestSmall5" parent="Background" index="17" instance=ExtResource( 4 )]

transform = Transform( -0.998569, 0, 0.0534842, 0, 1, 0, -0.0534842, 0, -0.998569, 3.60347, 0, 15.2082 )
_sections_unfolded = [ "Transform" ]

[node name="BGForestSmall6" parent="Background" index="18" instance=ExtResource( 4 )]

transform = Transform( 0.997926, 0, 0.0643711, 0, 1, 0, -0.0643711, 0, 0.997926, 28.2299, 0, -14.914 )
_sections_unfolded = [ "Transform" ]

[node name="BGForestSmall8" parent="Background" index="19" instance=ExtResource( 4 )]

transform = Transform( 0.997647, 0, 0.0685585, 0, 1, 0, -0.0685585, 0, 0.997647, 34.5732, 0, -15.2135 )
_sections_unfolded = [ "Transform" ]

[node name="BGForestSmall7" parent="Background" index="20" instance=ExtResource( 4 )]

transform = Transform( 0.998029, 0, 0.0627528, 0, 1, 0, -0.0627528, 0, 0.998029, 40.4651, 0, -15.4061 )
_sections_unfolded = [ "Transform" ]

[node name="BGForestSmall9" parent="Background" index="21" instance=ExtResource( 4 )]

transform = Transform( -0.108194, 0, 0.99413, 0, 1, 0, -0.99413, 0, -0.108194, -5.33026, 0, 24.0204 )
_sections_unfolded = [ "Transform" ]

[node name="Walls" type="Node" parent="." index="4"]

editor/display_folded = true

[node name="ForestWall" parent="Walls" index="0" instance=ExtResource( 5 )]

transform = Transform( -4.37114e-008, 0, 1, 0, 1, 0, -1, 0, -4.37114e-008, 6.1314, 0, 5.00021 )

[node name="ForestWall2" parent="Walls" index="1" instance=ExtResource( 5 )]

transform = Transform( -4.37114e-008, 0, 1, 0, 1, 0, -1, 0, -4.37114e-008, 2.39364, 0, 5.73462 )

[node name="ForestWall3" parent="Walls" index="2" instance=ExtResource( 5 )]

transform = Transform( -0.0113063, 0, -0.999936, 0, 1, 0, 0.999936, 0, -0.0113063, 6.18928, 0, -0.910071 )

[node name="ForestWall4" parent="Walls" index="3" instance=ExtResource( 5 )]

transform = Transform( -4.37114e-008, 0, 1, 0, 1, 0, -1, 0, -4.37114e-008, 6.22856, 0, -6.98877 )

[node name="ForestWall5" parent="Walls" index="4" instance=ExtResource( 5 )]

transform = Transform( 0.647625, 0, 0.761959, 0, 1, 0, -0.761959, 0, 0.647625, 7.87058, 0, -11.0654 )

[node name="ForestWall6" parent="Walls" index="5" instance=ExtResource( 5 )]

transform = Transform( 1, 0, 0, 0, 1, 0, 0, 0, 1, 12.0385, 0, -12.8985 )

[node name="ForestWall7" parent="Walls" index="6" instance=ExtResource( 5 )]

transform = Transform( 0.920118, 0, -0.391641, 0, 1, 0, 0.391641, 0, 0.920118, 15.8771, 0, -21.3619 )

[node name="ForestWall16" parent="Walls" index="7" instance=ExtResource( 5 )]

transform = Transform( 0.991608, 0, -0.129282, 0, 1, 0, 0.129282, 0, 0.991608, 0.965785, 0, -25.4344 )

[node name="ForestWall21" parent="Walls" index="8" instance=ExtResource( 5 )]

transform = Transform( -4.37114e-008, 0, 1, 0, 1, 0, -1, 0, -4.37114e-008, -1.62459, 0, 7.67114 )

[node name="ForestWall22" parent="Walls" index="9" instance=ExtResource( 5 )]

transform = Transform( -4.37114e-008, 0, 1, 0, 1, 0, -1, 0, -4.37114e-008, -1.30791, 0, 13.7773 )

[node name="ForestWall24" parent="Walls" index="10" instance=ExtResource( 5 )]

transform = Transform( 0.909323, 0, -0.416092, 0, 1, 0, 0.416092, 0, 0.909323, -11.6533, 0, 28.5687 )

[node name="ForestWall25" parent="Walls" index="11" instance=ExtResource( 5 )]

transform = Transform( 0.813938, 0, 0.580952, 0, 1, 0, -0.580952, 0, 0.813938, -0.297695, 0, 18.4059 )

[node name="ForestWall26" parent="Walls" index="12" instance=ExtResource( 5 )]

transform = Transform( 0.707107, 0, -0.707107, 0, 1, 0, 0.707107, 0, 0.707107, 18.9754, 0, -18.932 )

[node name="ForestWall27" parent="Walls" index="13" instance=ExtResource( 5 )]

transform = Transform( 0.707107, 0, -0.707107, 0, 1, 0, 0.707107, 0, 0.707107, 22.7946, 0, -14.4858 )

[node name="ForestWall28" parent="Walls" index="14" instance=ExtResource( 5 )]

transform = Transform( 0.0984279, 0, -0.995144, 0, 1, 0, 0.995144, 0, 0.0984279, 23.3273, 0, -9.6005 )

[node name="ForestWall29" parent="Walls" index="15" instance=ExtResource( 5 )]

transform = Transform( -0.770076, 0, -0.637953, 0, 1, 0, 0.637953, 0, -0.770076, 20.7261, 0, -6.71869 )

[node name="ForestWall30" parent="Walls" index="16" instance=ExtResource( 5 )]

transform = Transform( -0.908435, 0, -0.418027, 0, 1, 0, 0.418027, 0, -0.908435, 17.2088, 0, -4.43639 )

[node name="ForestWall31" parent="Walls" index="17" instance=ExtResource( 5 )]

transform = Transform( -0.0826584, 0, -0.996578, 0, 1, 0, 0.996578, 0, -0.0826584, 15.989, 0, 0.20133 )

[node name="ForestWall32" parent="Walls" index="18" instance=ExtResource( 5 )]

transform = Transform( -0.0826584, 0, -0.996578, 0, 1, 0, 0.996578, 0, -0.0826584, 15.989, 0, 5.607 )

[node name="ForestWall33" parent="Walls" index="19" instance=ExtResource( 5 )]

transform = Transform( -0.0826584, 0, -0.996578, 0, 1, 0, 0.996578, 0, -0.0826584, 15.989, 0, 11.6993 )

[node name="ForestWall34" parent="Walls" index="20" instance=ExtResource( 5 )]

transform = Transform( -0.676214, 0, 0.736705, 0, 1, 0, -0.736705, 0, -0.676214, 61.2447, 9.53674e-007, -16.7657 )

[node name="ForestWall35" parent="Walls" index="21" instance=ExtResource( 5 )]

transform = Transform( 0.890158, 0, 0.455652, 0, 1, 0, -0.455652, 0, 0.890158, 58.0605, 0, -0.375296 )

[node name="ForestWall36" parent="Walls" index="22" instance=ExtResource( 5 )]

transform = Transform( 0.727736, 0, 0.685858, 0, 1, 0, -0.685858, 0, 0.727736, 61.0385, 0, -3.72857 )

[node name="Campfire" parent="." index="5" instance=ExtResource( 6 )]

transform = Transform( 1, 0, 0, 0, 1, 0, 0, 0, 1, -2.21633, 0, -5.20457 )

[node name="BlockedPath" type="Spatial" parent="." index="6"]

transform = Transform( 1, 0, 0, 0, 1, 0, 0, 0, 1, -5.58979, 0, 16.7296 )
_sections_unfolded = [ "Transform", "Visibility" ]

[node name="ForestWall" parent="BlockedPath" index="0" instance=ExtResource( 5 )]

[node name="ItemTapshoe" parent="." index="7" instance=ExtResource( 7 )]

transform = Transform( 1, 0, 0, 0, 1, 0, 0, 0, 1, 33.2654, 0, -15.1559 )

[node name="Monster" parent="." index="8" instance=ExtResource( 8 )]

transform = Transform( 1, 0, 0, 0, 1, 0, 0, 0, 1, 60.5961, 0, -11.5493 )

[node name="FloorPlane" type="MeshInstance" parent="." index="9"]

transform = Transform( 1, 0, 0, 0, 1, 0, 0, 0, 1, 28.8674, -1, 4.89535 )
layers = 1
material_override = null
cast_shadow = 1
extra_cull_margin = 0.0
use_in_baked_light = false
lod_min_distance = 0.0
lod_min_hysteresis = 0.0
lod_max_distance = 0.0
lod_max_hysteresis = 0.0
mesh = SubResource( 3 )
skeleton = NodePath("..")
material/0 = null
_sections_unfolded = [ "Transform" ]


