[gd_scene load_steps=4 format=2]

[ext_resource path="res://Scenes/World.tscn" type="PackedScene" id=1]
[ext_resource path="res://Scenes/BGForestSmall.tscn" type="PackedScene" id=2]
[ext_resource path="res://Scenes/Campfire.tscn" type="PackedScene" id=3]

[node name="World" index="0" instance=ExtResource( 1 )]

[node name="Clearing" type="Spatial" parent="Navigation/NavigationMeshInstance" index="1"]

transform = Transform( 1, 0, 0, 0, 1, 0, 0, 0, 1, 41.4713, 0, 0 )
_sections_unfolded = [ "Transform" ]

[node name="ClearingTrees" type="Spatial" parent="Navigation/NavigationMeshInstance/Clearing" index="0"]

[node name="BGForestSmall" parent="Navigation/NavigationMeshInstance/Clearing/ClearingTrees" index="0" instance=ExtResource( 2 )]

transform = Transform( -0.0320956, 0, -0.999485, 0, 1, 0, 0.999485, 0, -0.0320956, 5.72558, 0, 0 )

[node name="BGForestSmall2" parent="Navigation/NavigationMeshInstance/Clearing/ClearingTrees" index="1" instance=ExtResource( 2 )]

transform = Transform( -0.632099, 0, -0.774888, 0, 1, 0, 0.774888, 0, -0.632099, 3.47017, 0, 6.04239 )

[node name="Campfire" parent="Navigation/NavigationMeshInstance/Clearing" index="1" instance=ExtResource( 3 )]

transform = Transform( 1, 0, 0, 0, 1, 0, 0, 0, 1, 0.340057, 0, 1.98835 )

[node name="Player" parent="." index="1"]

transform = Transform( -0.894675, 0, 0.446717, 0, 1, 0, -0.446717, 0, -0.894675, 41.718, 0, 2.82155 )


