[gd_scene load_steps=3 format=2]

[ext_resource path="res://Scenes/Worlds/World.tscn" type="PackedScene" id=1]
[ext_resource path="res://Scenes/BGForestMedium.tscn" type="PackedScene" id=2]

[node name="World" index="0" instance=ExtResource( 1 )]

[node name="Trees" type="Spatial" parent="." index="0"]

[node name="BGForestMedium" parent="Trees" index="0" instance=ExtResource( 2 )]

transform = Transform( 1, 0, 0, 0, 1, 0, 0, 0, 1, -18.2534, 0, -21.2971 )

[node name="BGForestMedium2" parent="Trees" index="1" instance=ExtResource( 2 )]

transform = Transform( 0.226584, 0, -0.973992, 0, 1, 0, 0.973991, 0, 0.226584, -8.17854, 0, -12.8571 )

[node name="BGForestMedium3" parent="Trees" index="2" instance=ExtResource( 2 )]

transform = Transform( 0.694853, 0, -0.719151, 0, 1, 0, 0.719151, 0, 0.694853, -1.99886, 0, -1.59874 )

[node name="BGForestMedium4" parent="Trees" index="3" instance=ExtResource( 2 )]

transform = Transform( 0.446656, 0, -0.894706, 0, 1, 0, 0.894705, 0, 0.446657, -21.9474, 0, 2.73775 )

[node name="BGForestMedium5" parent="Trees" index="4" instance=ExtResource( 2 )]

transform = Transform( 0.993721, 0, -0.11189, 0, 1, 0, 0.11189, 0, 0.993721, -10.2092, 0, 12.3471 )

[node name="BGForestMedium6" parent="Trees" index="5" instance=ExtResource( 2 )]

transform = Transform( -0.455746, 0, -0.89011, 0, 1, 0, 0.89011, 0, -0.455746, 3.65449, 0, 9.61933 )

[node name="BGForestMedium7" parent="Trees" index="6" instance=ExtResource( 2 )]

transform = Transform( 0.166772, 0, -0.985996, 0, 1, 0, 0.985996, 0, 0.166772, -25.8851, 0, -12.2079 )


