[gd_scene load_steps=5 format=2]

[ext_resource path="res://Scenes/Worlds/World.tscn" type="PackedScene" id=1]
[ext_resource path="res://Scenes/BGForestSmall.tscn" type="PackedScene" id=2]
[ext_resource path="res://Scenes/BGForestMedium.tscn" type="PackedScene" id=3]
[ext_resource path="res://Scenes/Fires/Campfire.tscn" type="PackedScene" id=4]

[node name="World" index="0" instance=ExtResource( 1 )]

[node name="FloorPlane" parent="Navigation/NavigationMeshInstance" index="0"]

transform = Transform( 1, 0, 0, 0, 1, 0, 0, 0, 1, 0.00310516, -1, 0.715633 )

[node name="Level Boundaries" type="Spatial" parent="." index="1"]

[node name="BGForestSmall1" parent="Level Boundaries" index="0" instance=ExtResource( 2 )]

transform = Transform( 0.749091, 0, -0.662467, 0, 1, 0, 0.662467, 0, 0.749091, 11.9442, 0, -12.6842 )
_sections_unfolded = [ "Transform" ]

[node name="BGForestSmall2" parent="Level Boundaries" index="1" instance=ExtResource( 2 )]

transform = Transform( -0.471475, 0, -0.881879, 0, 1, 0, 0.881879, 0, -0.471475, 1.95564, 0, -10.8724 )
_sections_unfolded = [ "Transform" ]

[node name="BGForestSmall3" parent="Level Boundaries" index="2" instance=ExtResource( 2 )]

transform = Transform( 0.714876, 0, -0.699251, 0, 1, 0, 0.699251, 0, 0.714876, -1.15378, 0, -35.2605 )
_sections_unfolded = [ "Transform" ]

[node name="BGForestSmall6" parent="Level Boundaries" index="3" instance=ExtResource( 2 )]

transform = Transform( 0.714876, 0, -0.699251, 0, 1, 0, 0.699251, 0, 0.714876, -10.9046, 0, -11.6885 )
_sections_unfolded = [ "Transform" ]

[node name="BGForestSmall5" parent="Level Boundaries" index="4" instance=ExtResource( 2 )]

transform = Transform( 0.853841, 0, 0.520533, 0, 1, 0, -0.520533, 0, 0.853841, -15.8592, 0, -11.7975 )
_sections_unfolded = [ "Transform" ]

[node name="BGForestSmall4" parent="Level Boundaries" index="5" instance=ExtResource( 2 )]

transform = Transform( 1, 0, 0, 0, 1, 0, 0, 0, 1, 10.7499, 0, 17.699 )
_sections_unfolded = [ "Transform" ]

[node name="BGForestMedium6" parent="Level Boundaries" index="6" instance=ExtResource( 3 )]

transform = Transform( 0.382204, 0, 0.924078, 0, 1, 0, -0.924077, 0, 0.382205, -24.4934, 0, 14.2452 )

[node name="BGForestMedium7" parent="Level Boundaries" index="7" instance=ExtResource( 3 )]

transform = Transform( -0.689215, 0, -0.724557, 0, 1, 0, 0.724557, 0, -0.689215, -9.75649, 0, -33.9529 )

[node name="BGForestMedium18" parent="Level Boundaries" index="8" instance=ExtResource( 3 )]

transform = Transform( -0.000504895, 0, -0.999999, 0, 1, 0, 1, 0, -0.000504895, -14.583, 0, -21.5876 )

[node name="BGForestMedium17" parent="Level Boundaries" index="9" instance=ExtResource( 3 )]

transform = Transform( 0.978052, 0, 0.208361, 0, 1, 0, -0.208361, 0, 0.978052, -26.6888, 0, -8.93458 )

[node name="BGForestMedium16" parent="Level Boundaries" index="10" instance=ExtResource( 3 )]

transform = Transform( 0.0567946, 0, 0.998386, 0, 1, 0, -0.998385, 0, 0.0567947, -34.5631, 0, 2.34067 )

[node name="BGForestMedium1" parent="Level Boundaries" index="11" instance=ExtResource( 3 )]

transform = Transform( 0.790529, 0, 0.612424, 0, 1, 0, -0.612424, 0, 0.790529, -2.75331, 0, 3.39623 )

[node name="BGForestMedium2" parent="Level Boundaries" index="12" instance=ExtResource( 3 )]

transform = Transform( 0.240661, 0, -0.970609, 0, 1, 0, 0.970609, 0, 0.240661, -44.7779, 0, 27.456 )

[node name="BGForestMedium3" parent="Level Boundaries" index="13" instance=ExtResource( 3 )]

transform = Transform( -0.725156, 0, -0.688584, 0, 1, 0, 0.688584, 0, -0.725156, -33.8924, 0, 27.5631 )

[node name="BGForestMedium4" parent="Level Boundaries" index="14" instance=ExtResource( 3 )]

transform = Transform( -0.92369, 0, -0.383141, 0, 1, 0, 0.383141, 0, -0.92369, -13.1961, 0, 5.51831 )

[node name="BGForestMedium9" parent="Level Boundaries" index="15" instance=ExtResource( 3 )]

transform = Transform( -0.546663, 0, 0.837353, 0, 1, 0, -0.837353, 0, -0.546663, 2.34996, 0, 12.3563 )

[node name="BGForestMedium8" parent="Level Boundaries" index="16" instance=ExtResource( 3 )]

transform = Transform( -0.96174, 0, 0.273962, 0, 1, 0, -0.273962, 0, -0.96174, 23.718, 0, -12.8116 )

[node name="BGForestMedium14" parent="Level Boundaries" index="17" instance=ExtResource( 3 )]

transform = Transform( 0.471552, 0, -0.881838, 0, 1, 0, 0.881838, 0, 0.471552, 1.03911, 0, -20.4706 )

[node name="BGForestMedium15" parent="Level Boundaries" index="18" instance=ExtResource( 3 )]

transform = Transform( 0.68538, 0, -0.728186, 0, 1, 0, 0.728186, 0, 0.68538, 7.53735, 0, -33.3769 )

[node name="BGForestMedium19" parent="Level Boundaries" index="19" instance=ExtResource( 3 )]

transform = Transform( 0.471552, 0, -0.881838, 0, 1, 0, 0.881838, 0, 0.471552, 9.99284, 0, -22.9407 )

[node name="BGForestMedium13" parent="Level Boundaries" index="20" instance=ExtResource( 3 )]

transform = Transform( -0.894166, 0, 0.447736, 0, 1, 0, -0.447736, 0, -0.894166, 39.9698, 0, -6.37864 )

[node name="BGForestMedium12" parent="Level Boundaries" index="21" instance=ExtResource( 3 )]

transform = Transform( -0.894166, 0, 0.447736, 0, 1, 0, -0.447736, 0, -0.894166, 39.9323, 0, 5.88976 )

[node name="BGForestMedium11" parent="Level Boundaries" index="22" instance=ExtResource( 3 )]

transform = Transform( -0.954203, 0, 0.299161, 0, 1, 0, -0.299161, 0, -0.954203, 22.8811, 0, 0.142674 )

[node name="BGForestMedium10" parent="Level Boundaries" index="23" instance=ExtResource( 3 )]

transform = Transform( -0.119184, 0, -0.992872, 0, 1, 0, 0.992872, 0, -0.119184, 14.8045, 0, 7.84117 )

[node name="BGForestMedium5" parent="Level Boundaries" index="24" instance=ExtResource( 3 )]

transform = Transform( -0.725899, 0, -0.687802, 0, 1, 0, 0.687802, 0, -0.725899, -40.5405, 0, 13.9081 )

[node name="Placeholders" type="Spatial" parent="." index="2"]

[node name="Placeholder for Stove" parent="Placeholders" index="0" instance=ExtResource( 4 )]

transform = Transform( 1, 0, 0, 0, 1, 0, 0, 0, 1, -38.1696, 0, 22.6539 )


