[gd_scene load_steps=5 format=2]

[ext_resource path="res://Scenes/BGForestMedium.tscn" type="PackedScene" id=1]
[ext_resource path="res://Scenes/ForestWall.tscn" type="PackedScene" id=2]
[ext_resource path="res://Scenes/Foliage/Bush1.tscn" type="PackedScene" id=3]
[ext_resource path="res://Scenes/Foliage/TreeRandom.tscn" type="PackedScene" id=4]

[node name="Study End Area" type="Spatial" index="0"]

transform = Transform( 1, 0, 0, 0, 1, 0, 0, 0, 1, -17.1253, 0, -20.1152 )

[node name="Boundaries" type="Spatial" parent="." index="0"]

[node name="BGForestMedium7" parent="Boundaries" index="0" instance=ExtResource( 1 )]

transform = Transform( -0.983313, 0, 0.181947, 0, 1, 0, -0.181947, 0, -0.983313, 6.9901, 0.0198364, -9.57154 )

[node name="ForestWall5" parent="Boundaries" index="1" instance=ExtResource( 2 )]

transform = Transform( 0.563382, 0, -0.826197, 0, 1, 0, 0.826197, 0, 0.563382, 14.5496, 0, 9.68884 )

[node name="ForestWall7" parent="Boundaries" index="2" instance=ExtResource( 2 )]

transform = Transform( -0.987616, 0, -0.156895, 0, 1, 0, 0.156895, 0, -0.987616, 9.42967, 0, 8.07387 )

[node name="ForestWall8" parent="Boundaries" index="3" instance=ExtResource( 2 )]

transform = Transform( -0.972628, 0, -0.23237, 0, 1, 0, 0.23237, 0, -0.972628, 0.521179, 0, 9.73865 )

[node name="ForestWall11" parent="Boundaries" index="4" instance=ExtResource( 2 )]

transform = Transform( -0.691015, 0, -0.722841, 0, 1, 0, 0.722841, 0, -0.691015, 14.3603, 0, -5.27282 )

[node name="ForestWall12" parent="Boundaries" index="5" instance=ExtResource( 2 )]

transform = Transform( 0.237169, 0, -0.971468, 0, 1, 0, 0.971468, 0, 0.237169, -5.86762, 0, 1.43488 )

[node name="ForestWall13" parent="Boundaries" index="6" instance=ExtResource( 2 )]

transform = Transform( 0.46955, 0, -0.882907, 0, 1, 0, 0.882907, 0, 0.46955, -3.54553, 0, 7.42547 )

[node name="Decoration" type="Spatial" parent="." index="1"]

editor/display_folded = true

[node name="Bush1" parent="Decoration" index="0" instance=ExtResource( 3 )]

transform = Transform( 1, 0, 0, 0, 1, 0, 0, 0, 1, 5.90416, 0, 6.49413 )

[node name="Bush2" parent="Decoration" index="1" instance=ExtResource( 3 )]

transform = Transform( 1, 0, 0, 0, 1, 0, 0, 0, 1, 6.91424, 0, -6.94094 )

[node name="Bush3" parent="Decoration" index="2" instance=ExtResource( 3 )]

transform = Transform( 1, 0, 0, 0, 1, 0, 0, 0, 1, -3.18077, 0, 2.075 )

[node name="TreeRandom" parent="Decoration" index="3" instance=ExtResource( 4 )]

transform = Transform( 1, 0, 0, 0, 1, 0, 0, 0, 1, 5.90007, 0, -4.20636 )

[node name="TreeRandom2" parent="Decoration" index="4" instance=ExtResource( 4 )]

transform = Transform( 1, 0, 0, 0, 1, 0, 0, 0, 1, 3.07702, 0, -6.60604 )

[node name="TreeRandom3" parent="Decoration" index="5" instance=ExtResource( 4 )]

transform = Transform( 1, 0, 0, 0, 1, 0, 0, 0, 1, 10.592, 0, -2.5805 )

[node name="TreeRandom4" parent="Decoration" index="6" instance=ExtResource( 4 )]

transform = Transform( 1, 0, 0, 0, 1, 0, 0, 0, 1, 0.615274, 0, 5.99735 )


