[gd_scene load_steps=7 format=2]

[ext_resource path="res://Scenes/Foliage/BGForestMedium.tscn" type="PackedScene" id=1]
[ext_resource path="res://Scenes/Foliage/ForestWall.tscn" type="PackedScene" id=2]
[ext_resource path="res://Scenes/Foliage/BGForestSmall.tscn" type="PackedScene" id=3]
[ext_resource path="res://Scenes/Foliage/Bush1.tscn" type="PackedScene" id=4]
[ext_resource path="res://Scenes/Foliage/TreeRandom.tscn" type="PackedScene" id=5]
[ext_resource path="res://Scenes/Foliage/ForestWallExtra.tscn" type="PackedScene" id=6]

[node name="Study-Bedroom Connector" type="Spatial" index="0"]

transform = Transform( -0.8147, 0, 0.579883, 0, 1, 0, -0.579883, 0, -0.8147, -30.6731, 0, -27.9066 )

[node name="Study End Area" type="Spatial" parent="." index="0"]

transform = Transform( 1, 0, 0, 0, 1, 0, 0, 0, 1, 4.70973, 0, 4.90867 )
_sections_unfolded = [ "Transform" ]

[node name="Boundaries" type="Spatial" parent="Study End Area" index="0"]

[node name="BGForestMedium7" parent="Study End Area/Boundaries" index="0" instance=ExtResource( 1 )]

transform = Transform( 0.966484, 0, -0.256744, 0, 1, 0, 0.256744, 0, 0.966484, 6.99009, 0.0198364, -9.57154 )

[node name="ForestWall5" parent="Study End Area/Boundaries" index="1" instance=ExtResource( 2 )]

transform = Transform( 0.563382, 0, -0.826197, 0, 1, 0, 0.826197, 0, 0.563382, 14.5496, 0, 9.68884 )

[node name="ForestWall7" parent="Study End Area/Boundaries" index="2" instance=ExtResource( 2 )]

transform = Transform( -0.987616, 0, -0.156895, 0, 1, 0, 0.156895, 0, -0.987616, 9.42967, 0, 8.07387 )

[node name="ForestWall8" parent="Study End Area/Boundaries" index="3" instance=ExtResource( 2 )]

transform = Transform( -0.972628, 0, -0.23237, 0, 1, 0, 0.23237, 0, -0.972628, 0.521179, 0, 9.73865 )

[node name="ForestWall11" parent="Study End Area/Boundaries" index="4" instance=ExtResource( 2 )]

transform = Transform( -0.691015, 0, -0.722841, 0, 1, 0, 0.722841, 0, -0.691015, 14.3603, 0, -5.27282 )

[node name="BGForestSmall2" parent="Study End Area/Boundaries" index="5" instance=ExtResource( 3 )]

transform = Transform( -0.459268, 0, 0.888297, 0, 1, 0, -0.888297, 0, -0.459268, -5.86762, 0, 1.43488 )

[node name="BGForestSmall" parent="Study End Area/Boundaries" index="6" instance=ExtResource( 3 )]

transform = Transform( -0.391447, 0, 0.920202, 0, 1, 0, -0.920202, 0, -0.391447, -3.9414, 0, 6.8693 )

[node name="Decoration" type="Spatial" parent="Study End Area" index="1"]

[node name="Bush2" parent="Study End Area/Decoration" index="0" instance=ExtResource( 4 )]

transform = Transform( 1, 0, 0, 0, 1, 0, 0, 0, 1, 6.91424, 0, -6.94094 )

[node name="Bush3" parent="Study End Area/Decoration" index="1" instance=ExtResource( 4 )]

transform = Transform( 1, 0, 0, 0, 1, 0, 0, 0, 1, -3.18077, 0, 2.075 )

[node name="TreeRandom" parent="Study End Area/Decoration" index="2" instance=ExtResource( 5 )]

transform = Transform( 1, 0, 0, 0, 1, 0, 0, 0, 1, 5.90007, 0, -4.20636 )

[node name="TreeRandom2" parent="Study End Area/Decoration" index="3" instance=ExtResource( 5 )]

transform = Transform( 1, 0, 0, 0, 1, 0, 0, 0, 1, 3.07702, 0, -6.60604 )

[node name="TreeRandom3" parent="Study End Area/Decoration" index="4" instance=ExtResource( 5 )]

transform = Transform( 1, 0, 0, 0, 1, 0, 0, 0, 1, 10.592, 0, -2.5805 )

[node name="TreeRandom4" parent="Study End Area/Decoration" index="5" instance=ExtResource( 5 )]

transform = Transform( 1, 0, 0, 0, 1, 0, 0, 0, 1, 0.615274, 0, 5.99735 )

[node name="TreeRandom5" parent="Study End Area/Decoration" index="6" instance=ExtResource( 5 )]

transform = Transform( 1, 0, 2.98023e-008, 0, 1, 0, -2.98023e-008, 0, 1, 8.988, 0, 4.21555 )

[node name="Bedroom Starting Area" type="Spatial" parent="." index="1"]

transform = Transform( -0.8147, 0, -0.579883, 0, 1, 0, 0.579883, 0, -0.8147, -3.87168, 0, -4.12418 )

[node name="Boundaries" type="Spatial" parent="Bedroom Starting Area" index="0"]

[node name="BGForestSmall9" parent="Bedroom Starting Area/Boundaries" index="0" instance=ExtResource( 3 )]

transform = Transform( 0.0236644, 0, -0.999721, 0, 1, 0, 0.999721, 0, 0.0236644, 3.50618, 0, -4.56846 )

[node name="ForestWall3" parent="Bedroom Starting Area/Boundaries" index="1" instance=ExtResource( 2 )]

transform = Transform( -0.96325, 0, -0.268606, 0, 1, 0, 0.268606, 0, -0.96325, 5.6467, 0, -0.260262 )

[node name="ForestWall2" parent="Bedroom Starting Area/Boundaries" index="2" instance=ExtResource( 2 )]

transform = Transform( -0.617627, 0, 0.786472, 0, 1, 0, -0.786472, 0, -0.617627, -5.67053, 0, 1.21417 )

[node name="ForestWallExtra" parent="Bedroom Starting Area/Boundaries/ForestWall2" index="3" instance=ExtResource( 6 )]

transform = Transform( 1, 0, -2.98023e-008, 0, 1, 0, 2.98023e-008, 0, 1, -0.972797, 0, -3.68463 )

[node name="ForestWall4" parent="Bedroom Starting Area/Boundaries" index="3" instance=ExtResource( 2 )]

transform = Transform( -0.802922, 0, 0.596085, 0, 1, 0, -0.596085, 0, -0.802922, -2.23606, 0, 5.53197 )

[node name="ForestWallExtra" parent="Bedroom Starting Area/Boundaries/ForestWall4" index="3" instance=ExtResource( 6 )]

transform = Transform( 0.981516, 0, -0.191373, 0, 1, 0, 0.191373, 0, 0.981516, 0.254753, 0, -3.84143 )

[node name="ForestWallExtra2" parent="Bedroom Starting Area/Boundaries/ForestWall4" index="4" instance=ExtResource( 6 )]

transform = Transform( 0.903944, 0, 0.427649, 0, 1, 0, -0.427649, 0, 0.903944, -4.48411, 0, -3.40436 )

[node name="BGForestSmall7" parent="Bedroom Starting Area/Boundaries" index="4" instance=ExtResource( 3 )]

transform = Transform( -0.998944, 0, 0.0459501, 0, 1, 0, -0.0459501, 0, -0.998944, 3.49845, 0, 7.42582 )

[node name="BGForestSmall8" parent="Bedroom Starting Area/Boundaries" index="5" instance=ExtResource( 3 )]

transform = Transform( -0.999519, 0, -0.0310039, 0, 1, 0, 0.0310039, 0, -0.999519, 9.21453, 0, 7.27423 )

[node name="Decoration" type="Spatial" parent="Bedroom Starting Area" index="1"]

editor/display_folded = true

[node name="TreeRandom2" parent="Bedroom Starting Area/Decoration" index="0" instance=ExtResource( 5 )]

transform = Transform( 1, 0, 0, 0, 1, 0, 0, 0, 1, -1.14387, 0, 1.94339 )


