[gd_scene load_steps=5 format=2]

[ext_resource path="res://Scenes/Worlds/World.tscn" type="PackedScene" id=1]
[ext_resource path="res://Scenes/BGForestMedium.tscn" type="PackedScene" id=2]
[ext_resource path="res://Scenes/BGForestSmall.tscn" type="PackedScene" id=3]
[ext_resource path="res://Scenes/Fires/Campfire.tscn" type="PackedScene" id=4]

[node name="World" index="0" instance=ExtResource( 1 )]

[node name="FloorPlane" parent="Navigation/NavigationMeshInstance" index="0"]

transform = Transform( 1, 0, 0, 0, 1, 0, 0, 0, 1, 0, 0, 0 )

[node name="Level Boundaries" type="Spatial" parent="Navigation/NavigationMeshInstance" index="1"]

editor/display_folded = true
transform = Transform( -0.0320956, 0, -0.999485, 0, 1, 0, 0.999485, 0, -0.0320956, 46.4833, 0.0198364, 7.97507 )

[node name="BGForestMedium2" parent="Navigation/NavigationMeshInstance/Level Boundaries" index="0" instance=ExtResource( 2 )]

transform = Transform( -0.203442, 0, 0.979088, 0, 1, 0, -0.979088, 0, -0.203442, 19.7975, 0, 24.6736 )

[node name="BGForestMedium3" parent="Navigation/NavigationMeshInstance/Level Boundaries" index="1" instance=ExtResource( 2 )]

transform = Transform( 0.717693, 0, 0.696362, 0, 1, 0, -0.696362, 0, 0.717693, 0.490414, 0, 61.5379 )

[node name="BGForestMedium4" parent="Navigation/NavigationMeshInstance/Level Boundaries" index="2" instance=ExtResource( 2 )]

transform = Transform( 0.521325, 0, 0.853359, 0, 1, 0, -0.853359, 0, 0.521325, 18.6103, 0, 40.5933 )

[node name="BGForestMedium5" parent="Navigation/NavigationMeshInstance/Level Boundaries" index="3" instance=ExtResource( 2 )]

transform = Transform( 0.74969, 0, 0.661792, 0, 1, 0, -0.661792, 0, 0.74969, -6.47138, 0, 72.4022 )

[node name="BGForestMedium6" parent="Navigation/NavigationMeshInstance/Level Boundaries" index="4" instance=ExtResource( 2 )]

transform = Transform( 0.998194, 0, 0.0601087, 0, 1, 0, -0.0601087, 0, 0.998194, -30.8502, 0, 85.8385 )

[node name="BGForestMedium15" parent="Navigation/NavigationMeshInstance/Level Boundaries" index="5" instance=ExtResource( 2 )]

transform = Transform( 0.724495, 0, 0.689283, 0, 1, 0, -0.689283, 0, 0.724495, -18.5571, 0, 79.6602 )

[node name="BGForestMedium7" parent="Navigation/NavigationMeshInstance/Level Boundaries" index="6" instance=ExtResource( 2 )]

transform = Transform( -0.392008, 0, -0.919965, 0, 1, 0, 0.919965, 0, -0.392008, -39.5466, 0, 58.1591 )

[node name="BGForestMedium8" parent="Navigation/NavigationMeshInstance/Level Boundaries" index="7" instance=ExtResource( 2 )]

transform = Transform( 0.575713, 0, 0.817654, 0, 1, 0, -0.817654, 0, 0.575713, 9.87389, 0, 51.7187 )

[node name="BGForestMedium9" parent="Navigation/NavigationMeshInstance/Level Boundaries" index="8" instance=ExtResource( 2 )]

transform = Transform( -0.392008, 0, -0.919965, 0, 1, 0, 0.919965, 0, -0.392008, -33.729, 0, 41.48 )

[node name="BGForestMedium10" parent="Navigation/NavigationMeshInstance/Level Boundaries" index="9" instance=ExtResource( 2 )]

transform = Transform( -0.392008, 0, -0.919965, 0, 1, 0, 0.919965, 0, -0.392008, -28.1161, 0, 26.1952 )

[node name="BGForestMedium11" parent="Navigation/NavigationMeshInstance/Level Boundaries" index="10" instance=ExtResource( 2 )]

transform = Transform( -0.392008, 0, -0.919965, 0, 1, 0, 0.919965, 0, -0.392008, -25.9565, 0, 10.4987 )

[node name="BGForestMedium12" parent="Navigation/NavigationMeshInstance/Level Boundaries" index="11" instance=ExtResource( 2 )]

transform = Transform( -0.999731, 1.02154e-008, 0.0233434, 1.12944e-008, 1, 4.60887e-008, -0.0233434, 4.63396e-008, -0.999731, -13.9632, 0, 1.82011 )

[node name="BGForestMedium14" parent="Navigation/NavigationMeshInstance/Level Boundaries" index="12" instance=ExtResource( 2 )]

transform = Transform( -0.994101, 1.15231e-008, 0.108508, 1.71281e-008, 1, 5.07236e-008, -0.108508, 5.22825e-008, -0.994101, 3.6584, 0, 2.96536 )

[node name="Inner Trees" type="Spatial" parent="Navigation/NavigationMeshInstance" index="2"]

editor/display_folded = true
transform = Transform( -0.632099, 0, -0.774888, 0, 1, 0, 0.774888, 0, -0.632099, 43.0767, 0, 29.6455 )

[node name="BGForestSmall5" parent="Navigation/NavigationMeshInstance/Inner Trees" index="0" instance=ExtResource( 3 )]

transform = Transform( 0.99691, 0, -0.0785523, 0, 1, 0, 0.0785523, 0, 0.99691, -1.56142, 0, 24.6544 )
_sections_unfolded = [ "Transform" ]

[node name="BGForestSmall6" parent="Navigation/NavigationMeshInstance/Inner Trees" index="1" instance=ExtResource( 3 )]

transform = Transform( 0.99691, 0, -0.0785523, 0, 1, 0, 0.0785523, 0, 0.99691, 4.33978, 0, 24.6097 )
_sections_unfolded = [ "Transform" ]

[node name="BGForestSmall7" parent="Navigation/NavigationMeshInstance/Inner Trees" index="2" instance=ExtResource( 3 )]

transform = Transform( 0.607076, 0, 0.794644, 0, 1, 0, -0.794644, 0, 0.607076, 10.2973, 0, 23.8536 )
_sections_unfolded = [ "Transform" ]

[node name="BGForestSmall8" parent="Navigation/NavigationMeshInstance/Inner Trees" index="3" instance=ExtResource( 3 )]

transform = Transform( -0.261099, 0, -0.965312, 0, 1, 0, 0.965312, 0, -0.261099, -23.6657, 0, 37.431 )
_sections_unfolded = [ "Transform" ]

[node name="BGForestSmall9" parent="Navigation/NavigationMeshInstance/Inner Trees" index="4" instance=ExtResource( 3 )]

transform = Transform( 0.99691, 0, -0.0785523, 0, 1, 0, 0.0785523, 0, 0.99691, -17.9088, 0, 34.0516 )
_sections_unfolded = [ "Transform" ]

[node name="BGForestSmall10" parent="Navigation/NavigationMeshInstance/Inner Trees" index="5" instance=ExtResource( 3 )]

transform = Transform( 0.99691, 0, -0.0785523, 0, 1, 0, 0.0785523, 0, 0.99691, -25.1718, 0, 23.3933 )
_sections_unfolded = [ "Transform" ]

[node name="BGForestSmall11" parent="Navigation/NavigationMeshInstance/Inner Trees" index="6" instance=ExtResource( 3 )]

transform = Transform( 0.99691, 0, -0.0785523, 0, 1, 0, 0.0785523, 0, 0.99691, -12.4107, 0, 36.7417 )
_sections_unfolded = [ "Transform" ]

[node name="BGForestSmall12" parent="Navigation/NavigationMeshInstance/Inner Trees" index="7" instance=ExtResource( 3 )]

transform = Transform( 0.99691, 0, -0.0785523, 0, 1, 0, 0.0785523, 0, 0.99691, -12.5849, 0, 40.8269 )
_sections_unfolded = [ "Transform" ]

[node name="BGForestSmall13" parent="Navigation/NavigationMeshInstance/Inner Trees" index="8" instance=ExtResource( 3 )]

transform = Transform( 0.99691, 0, -0.0785523, 0, 1, 0, 0.0785523, 0, 0.99691, -7.33028, 0, 43.7405 )
_sections_unfolded = [ "Transform" ]

[node name="BGForestSmall14" parent="Navigation/NavigationMeshInstance/Inner Trees" index="9" instance=ExtResource( 3 )]

transform = Transform( 0.99691, 0, -0.0785523, 0, 1, 0, 0.0785523, 0, 0.99691, -0.364716, 0, 35.3261 )
_sections_unfolded = [ "Transform" ]

[node name="BGForestSmall15" parent="Navigation/NavigationMeshInstance/Inner Trees" index="10" instance=ExtResource( 3 )]

transform = Transform( 0.99691, 0, -0.0785523, 0, 1, 0, 0.0785523, 0, 0.99691, 5.41046, 0, 35.6308 )
_sections_unfolded = [ "Transform" ]

[node name="BGForestSmall16" parent="Navigation/NavigationMeshInstance/Inner Trees" index="11" instance=ExtResource( 3 )]

transform = Transform( 0.99691, 0, -0.0785523, 0, 1, 0, 0.0785523, 0, 0.99691, 15.384, 0, 47.1648 )
_sections_unfolded = [ "Transform" ]

[node name="BGForestSmall17" parent="Navigation/NavigationMeshInstance/Inner Trees" index="12" instance=ExtResource( 3 )]

transform = Transform( 0.99691, 0, -0.0785523, 0, 1, 0, 0.0785523, 0, 0.99691, -7.60395, 0, 22.7394 )
_sections_unfolded = [ "Transform" ]

[node name="BGForestSmall18" parent="Navigation/NavigationMeshInstance/Inner Trees" index="13" instance=ExtResource( 3 )]

transform = Transform( 0.99691, 0, -0.0785523, 0, 1, 0, 0.0785523, 0, 0.99691, 3.98344, 0, 50.0547 )
_sections_unfolded = [ "Transform" ]

[node name="BGForestSmall19" parent="Navigation/NavigationMeshInstance/Inner Trees" index="14" instance=ExtResource( 3 )]

transform = Transform( 0.907622, 0, 0.419789, 0, 1, 0, -0.419789, 0, 0.907622, -12.2548, 0, 53.986 )
_sections_unfolded = [ "Transform" ]

[node name="BGForestSmall21" parent="Navigation/NavigationMeshInstance/Inner Trees" index="15" instance=ExtResource( 3 )]

transform = Transform( 0.284097, 0, 0.958796, 0, 1, 0, -0.958796, 0, 0.284097, -2.19438, 0, 60.7048 )
_sections_unfolded = [ "Transform" ]

[node name="BGForestSmall22" parent="Navigation/NavigationMeshInstance/Inner Trees" index="16" instance=ExtResource( 3 )]

transform = Transform( 0.907622, 0, 0.419789, 0, 1, 0, -0.419789, 0, 0.907622, -18.0879, 0, 56.4866 )
_sections_unfolded = [ "Transform" ]

[node name="BGForestSmall20" parent="Navigation/NavigationMeshInstance/Inner Trees" index="17" instance=ExtResource( 3 )]

transform = Transform( 0.99691, 0, -0.0785523, 0, 1, 0, 0.0785523, 0, 0.99691, 9.5557, 0, 49.052 )
_sections_unfolded = [ "Transform" ]

[node name="BGForestSmall23" parent="Navigation/NavigationMeshInstance/Inner Trees" index="18" instance=ExtResource( 3 )]

transform = Transform( 0.99691, 0, -0.0785523, 0, 1, 0, 0.0785523, 0, 0.99691, -0.223609, 0, 65.3953 )
_sections_unfolded = [ "Transform" ]

[node name="BGForestSmall24" parent="Navigation/NavigationMeshInstance/Inner Trees" index="19" instance=ExtResource( 3 )]

transform = Transform( 0.99691, 0, -0.0785523, 0, 1, 0, 0.0785523, 0, 0.99691, 5.62604, 0, 68.6954 )
_sections_unfolded = [ "Transform" ]

[node name="BGForestSmall25" parent="Navigation/NavigationMeshInstance/Inner Trees" index="20" instance=ExtResource( 3 )]

transform = Transform( 0.99691, 0, -0.0785523, 0, 1, 0, 0.0785523, 0, 0.99691, 11.3649, 0, 71.6419 )
_sections_unfolded = [ "Transform" ]

[node name="BGForestSmall26" parent="Navigation/NavigationMeshInstance/Inner Trees" index="21" instance=ExtResource( 3 )]

transform = Transform( 0.99691, 0, -0.0785523, 0, 1, 0, 0.0785523, 0, 0.99691, 14.2718, 0, 75.6316 )
_sections_unfolded = [ "Transform" ]

[node name="BGForestSmall27" parent="Navigation/NavigationMeshInstance/Inner Trees" index="22" instance=ExtResource( 3 )]

transform = Transform( 0.99691, 0, -0.0785523, 0, 1, 0, 0.0785523, 0, 0.99691, -13.6683, 0, 70.3088 )
_sections_unfolded = [ "Transform" ]

[node name="BGForestSmall28" parent="Navigation/NavigationMeshInstance/Inner Trees" index="23" instance=ExtResource( 3 )]

transform = Transform( 0.99691, 0, -0.0785523, 0, 1, 0, 0.0785523, 0, 0.99691, -7.45494, 0, 85.7671 )
_sections_unfolded = [ "Transform" ]

[node name="BGForestSmall29" parent="Navigation/NavigationMeshInstance/Inner Trees" index="24" instance=ExtResource( 3 )]

transform = Transform( 0.99691, 0, -0.0785523, 0, 1, 0, 0.0785523, 0, 0.99691, -1.4889, 0, 85.6955 )
_sections_unfolded = [ "Transform" ]

[node name="Clearing" type="Spatial" parent="Navigation/NavigationMeshInstance" index="3"]

transform = Transform( 1, 0, 0, 0, 1, 0, 0, 0, 1, 41.4713, 0, 0 )
_sections_unfolded = [ "Transform" ]

[node name="ClearingTrees" type="Spatial" parent="Navigation/NavigationMeshInstance/Clearing" index="0"]

[node name="BGForestSmall" parent="Navigation/NavigationMeshInstance/Clearing/ClearingTrees" index="0" instance=ExtResource( 3 )]

transform = Transform( 0.0334768, 0, 0.999439, 0, 1, 0, -0.999439, 0, 0.0334768, -10.578, 0, 23.9865 )
_sections_unfolded = [ "Transform" ]

[node name="BGForestSmall4" parent="Navigation/NavigationMeshInstance/Clearing/ClearingTrees" index="1" instance=ExtResource( 3 )]

transform = Transform( -0.632099, 0, -0.774888, 0, 1, 0, 0.774888, 0, -0.632099, -1.27712, -7.62939e-006, 28.5604 )
_sections_unfolded = [ "Transform" ]

[node name="BGForestSmall5" parent="Navigation/NavigationMeshInstance/Clearing/ClearingTrees" index="2" instance=ExtResource( 3 )]

transform = Transform( 1, 0, 0, 0, 1, 0, 0, 0, 1, -4.8768, -7.62939e-006, 30.2616 )
_sections_unfolded = [ "Transform" ]

[node name="BGForestSmall6" parent="Navigation/NavigationMeshInstance/Clearing/ClearingTrees" index="3" instance=ExtResource( 3 )]

transform = Transform( -0.528993, 0, 0.848626, 0, 1, 0, -0.848626, 0, -0.528993, -9.44237, -7.62939e-006, 28.6415 )
_sections_unfolded = [ "Transform" ]

[node name="BGForestSmall2" parent="Navigation/NavigationMeshInstance/Clearing/ClearingTrees" index="4" instance=ExtResource( 3 )]

transform = Transform( 0.0334768, 0, 0.999439, 0, 1, 0, -0.999439, 0, 0.0334768, 0.519581, 0, 23.772 )
_sections_unfolded = [ "Transform" ]

[node name="Campfire" parent="Navigation/NavigationMeshInstance/Clearing" index="1" instance=ExtResource( 4 )]

transform = Transform( 0.950468, 0, -0.310822, 0, 1, 0, 0.310822, 0, 0.950468, -5.16019, 0, 25.4719 )

[node name="Player" parent="." index="1"]

transform = Transform( 1, 0, 0, 0, 1, 0, 0, 0, 1, 36.4386, 0, 27.5485 )


