[gd_scene load_steps=9 format=2]

[ext_resource path="res://Scenes/Worlds/World.tscn" type="PackedScene" id=1]
[ext_resource path="res://Scenes/BGForestMedium.tscn" type="PackedScene" id=2]
[ext_resource path="res://Scenes/ForestWall.tscn" type="PackedScene" id=3]
[ext_resource path="res://Scenes/BGForestSmall.tscn" type="PackedScene" id=4]
[ext_resource path="res://Scenes/Fires/Campfire.tscn" type="PackedScene" id=5]
[ext_resource path="res://Scenes/Monsters/Monster.tscn" type="PackedScene" id=6]
[ext_resource path="res://Scenes/Items/ItemTapshoe.tscn" type="PackedScene" id=7]

[sub_resource type="NavigationMesh" id=1]

vertices = PoolVector3Array( -41, -0.700008, -36.4, -38, -0.700008, -36.4, -37.7, -0.700008, -38.5, -48.5, -0.700008, -38.5, -48.5, -0.700008, -19.6, -41.9, -0.700008, -19.6, -41.9, -0.700008, -27.7, -48.5, -0.700008, -29.2, -42.2, -0.700008, -35.2, -41, -0.700008, -36.4, -48.5, -0.700008, -38.5, -42.2, -0.700008, -35.2, -48.5, -0.700008, -38.5, -48.5, -0.700008, -29.2, -41.9, -0.700008, -27.7, -37.7, -0.700008, -38.5, -38, -0.700008, -36.4, -36.2, -0.700008, -36.4, -37.7, -0.700008, -38.5, -36.2, -0.700008, -36.4, -35, -0.700008, -35.2, -28.7, -0.700008, -38.5, -27.2, -0.700008, -26.2, -23.9, -0.700008, -29.2, -23.6, -0.700008, -30.7, -23.6, -0.700008, -30.7, -20.3, -0.700008, -33.7, -20.6, -0.700008, -36.1, -23.6, -0.700008, -30.7, -20.6, -0.700008, -36.1, -28.7, -0.700008, -38.5, -35, -0.700008, -35.2, -34.7, -0.700008, -25, -27.2, -0.700008, -26.2, -34.7, -0.700008, -25, -27.5, -0.700008, -25, -27.2, -0.700008, -26.2, -20.6, -0.700008, -36.1, -19.4, -0.700008, -38.5, -28.7, -0.700008, -38.5, -5.9, -0.700008, -38.5, -12.2, -0.700008, -38.5, -2.6, -0.700008, -33.7, 0.700001, -0.700008, -38.5, -5.9, -0.700008, -38.5, -2.6, -0.700008, -33.7, -1.4, -0.700008, -34.3, 13.6, -0.700008, -38.5, 7, -0.700008, -38.5, 6.7, -0.700008, -31, 13.3, -0.700008, -28, 0.700001, -0.700008, -38.5, -1.4, -0.700008, -34.3, 0.400002, -0.700008, -34, 7, -0.700008, -38.5, 0.700001, -0.700008, -38.5, 0.400002, -0.700008, -34, 6.7, -0.700008, -31, 26.8, -0.700008, -22.3, 27.4, -0.700008, -22.3, 28.6, -0.700008, -25, 20.8, -0.700008, -25, 13.6, -0.700008, -38.5, 13.3, -0.700008, -28, 15.1, -0.700008, -28, 21.7, -0.700008, -38.5, 20.8, -0.700008, -25, 28.6, -0.700008, -25, 30.1, -0.700008, -25.3, 30.1, -0.700008, -38.5, 21.7, -0.700008, -38.5, 15.1, -0.700008, -28, 46.9, -0.700008, -17.8, 48.4, -0.700008, -16, 48.4, -0.700008, -27.4, 38.5, -0.700008, -21.7, 46.9, -0.700008, -17.8, 48.4, -0.700008, -27.4, 48.4, -0.700008, -27.4, 48.4, -0.700008, -38.5, 39.1, -0.700008, -38.5, 39.1, -0.700008, -38.5, 30.1, -0.700008, -38.5, 30.1, -0.700008, -25.3, 38.5, -0.700008, -21.7, 48.4, -0.700008, -27.4, -13.1, -0.700008, -30.7, -13.7, -0.700008, -30.7, -13.7, -0.700008, -30.1, -8, -0.700008, -24.1, -7.4, -0.700008, -26.2, -6.5, -0.700008, -17.2, -5.6, -0.700008, -16.6, -4.4, -0.700008, -20.5, -8, -0.700008, -16.9, -6.5, -0.700008, -17.2, -4.4, -0.700008, -20.5, -8, -0.700008, -24.1, -13.7, -0.700008, -14.5, -10.7, -0.700008, -13.6, -8, -0.700008, -16.9, -13.7, -0.700008, -30.1, -17.3, -0.700008, -26.5, -18.2, -0.700008, -24.7, -13.7, -0.700008, -14.5, -8, -0.700008, -16.9, -8, -0.700008, -24.1, -18.2, -0.700008, -24.7, -14.9, -0.700008, -13.6, -13.7, -0.700008, -14.5, -7.4, -0.700008, -26.2, -6.2, -0.700008, -27.4, -13.1, -0.700008, -30.7, -27.2, -0.700008, -23.5, -27.5, -0.700008, -25, -34.7, -0.700008, -25, -27.2, -0.700008, -23.5, -34.7, -0.700008, -25, -34.4, -0.700008, -20.5, -29.6, -0.700008, -15.4, -24.8, -0.700008, -21.4, -5.6, -0.700008, -16.6, -4.1, -0.700008, -15.1, -3.2, -0.700008, -15.7, -5.6, -0.700008, -16.6, -3.2, -0.700008, -15.7, -1.4, -0.700008, -15.4, -2.3, -0.700008, -20.5, -4.4, -0.700008, -20.5, -1.4, -0.700008, -15.4, 2.2, -0.700008, -10.3, 4.6, -0.700008, -11.5, 7.3, -0.700008, -22.6, 1.9, -0.700008, -25, -2.3, -0.700008, -20.5, -18.5, -0.700008, -12.1, -17, -0.700008, -11.2, -14.9, -0.700008, -13.6, -19.7, -0.700008, -11.8, -18.5, -0.700008, -12.1, -14.9, -0.700008, -13.6, -18.2, -0.700008, -24.7, -20.9, -0.700008, -21.7, -23.3, -0.700008, -12.4, -20.9, -0.700008, -10.6, -19.7, -0.700008, -11.8, -20.9, -0.700008, -21.7, -22.4, -0.700008, -20.5, -29.6, -0.700008, -15.4, -26, -0.700008, -11.2, -24.5, -0.700008, -12.4, -29.6, -0.700008, -15.4, -24.5, -0.700008, -12.4, -23.3, -0.700008, -12.4, -22.4, -0.700008, -20.5, -23.6, -0.700008, -20.5, -23.6, -0.700008, -20.5, -24.8, -0.700008, -21.4, -29.6, -0.700008, -15.4, -41.9, -0.700008, -17.2, -41.9, -0.700008, -19.6, -48.5, -0.700008, -19.6, -41.9, -0.700008, -17.2, -48.5, -0.700008, -19.6, -48.5, -0.700008, -13, -41.3, -0.700008, -16, -34.7, -0.700008, -7.3, -33.5, -0.700008, -8.8, -39.5, -0.700008, -15.4, -39.5, -0.700008, -15.4, -41.3, -0.700008, -16, -48.5, -0.700008, -13, -48.5, -0.700008, -6.4, -34.7, -0.700008, -6.4, -34.7, -0.700008, -7.3, 11.2, -0.700008, -9.1, 12.4, -0.700008, -7.6, 13.9, -0.700008, -8.8, 12.1, -0.700008, -10.6, 12.1, -0.700008, -10.6, 13.9, -0.700008, -8.8, 15.1, -0.700008, -8.8, 17.8, -0.700008, -9.4, 20.8, -0.700008, -17.2, 14.5, -0.700008, -19.9, 15.1, -0.700008, -8.8, 16.3, -0.700008, -7.9, 17.8, -0.700008, -9.4, 32.2, -0.700008, -16.6, 31, -0.700008, -16.6, 31, -0.700008, -15.7, 33.7, -0.700008, -10, 31.9, -0.700008, -8.8, 33.1, -0.700008, -7.3, 40.3, -0.700008, -9.4, 41.8, -0.700008, -10, 41.8, -0.700008, -12.1, 32.2, -0.700008, -16.6, 31, -0.700008, -15.7, 34, -0.700008, -11.8, 33.1, -0.700008, -7.3, 32.8, -0.700008, -5.5, 35.8, -0.700008, -4.6, 33.7, -0.700008, -10, 33.7, -0.700008, -10, 35.8, -0.700008, -4.6, 40.3, -0.700008, -9.4, 34, -0.700008, -11.8, 12.4, -0.700008, -7.6, 11.2, -0.700008, -9.1, 9.7, -0.700008, -8.8, 8.8, -0.700008, -4, -0.499996, -0.700008, -6.1, 0.400002, -0.700008, -3.1, 1.6, -0.700008, -4, 2.2, -0.700008, -7.9, -0.499996, -0.700008, -6.1, 1.6, -0.700008, -4, 3.1, -0.700008, -4, 6.1, -0.700008, -9.7, 4.6, -0.700008, -11.5, 2.2, -0.700008, -10.3, 2.2, -0.700008, -7.9, 3.1, -0.700008, -4, 6.7, -0.700008, -0.399998, 8.8, -0.700008, -4, 9.7, -0.700008, -8.8, 6.1, -0.700008, -9.7, 2.2, -0.700008, -7.9, 6.7, -0.700008, -0.399998, 8.8, -0.700008, -2.2, 8.8, -0.700008, -4, -6.5, -0.700008, 10.1, -5.3, -0.700008, 8.9, -6.2, -0.700008, 7.4, -12.2, -0.700008, 3.8, 0.400002, -0.700008, -3.1, -0.499996, -0.700008, -6.1, -1.7, -0.700008, -5.2, -4.1, -0.700008, -5.8, -5.3, -0.700008, -8.2, -7.4, -0.700008, -6.7, -14.9, -0.700008, -4.3, -16.1, -0.700008, -5.2, -18.2, -0.700008, -3.1, -14.9, -0.700008, -4.3, -18.2, -0.700008, -3.1, -18.2, -0.700008, -2.2, -12.2, -0.700008, 3.8, -13.7, -0.700008, -4.3, 0.400002, -0.700008, -3.1, -1.7, -0.700008, -5.2, -3.2, -0.700008, -5.2, -3.2, -0.700008, 0.800003, -3.2, -0.700008, -5.2, -4.1, -0.700008, -5.8, -7.4, -0.700008, -6.7, -12.2, -0.700008, 3.8, -6.2, -0.700008, 7.4, -5.9, -0.700008, 5.6, -5.9, -0.700008, 5.6, -3.2, -0.700008, 3.2, -3.2, -0.700008, 0.800003, -3.2, -0.700008, 0.800003, -3.2, -0.700008, -5.2, -7.4, -0.700008, -6.7, -13.7, -0.700008, -4.3, -12.2, -0.700008, 3.8, -5.9, -0.700008, 5.6, -7.4, -0.700008, -6.7, -10.4, -0.700008, -7.6, -13.7, -0.700008, -4.3, -15.5, -0.700008, 11.3, -19.1, -0.700008, 7.4, -20.9, -0.700008, 8.6, 11.2, -0.700008, 38.6, 11.2, -0.700008, 33.2, 9.4, -0.700008, 32.6, 3.7, -0.700008, 38.6, -15.5, -0.700008, 13.4, -15.5, -0.700008, 11.3, -20.9, -0.700008, 8.6, -23, -0.700008, 8.3, -26.3, -0.700008, 38.6, -18.8, -0.700008, 38.6, -3.8, -0.700008, 23.9, -23, -0.700008, 8.3, -48.5, -0.700008, 16.1, -48.5, -0.700008, 27.2, -48.5, -0.700008, 27.2, -41.3, -0.700008, 38.6, -33.8, -0.700008, 38.6, 3.7, -0.700008, 38.6, 9.4, -0.700008, 32.6, 2.8, -0.700008, 28.1, -3.8, -0.700008, 38.6, -18.8, -0.700008, 38.6, -11.3, -0.700008, 38.6, -3.8, -0.700008, 23.9, -48.5, -0.700008, 27.2, -48.5, -0.700008, 38.6, -41.3, -0.700008, 38.6, -34.1, -0.700008, -4.9, -34.7, -0.700008, -6.4, -48.5, -0.700008, -6.4, -48.5, -0.700008, 4.7, -3.8, -0.700008, 38.6, 2.8, -0.700008, 28.1, -3.8, -0.700008, 23.9, -11.3, -0.700008, 38.6, -3.8, -0.700008, 23.9, -5.9, -0.700008, 20.3, -15.5, -0.700008, 13.4, -23, -0.700008, 8.3, -48.5, -0.700008, 27.2, -33.8, -0.700008, 38.6, -26.3, -0.700008, 38.6, -23, -0.700008, 8.3, -28.4, -0.700008, 1.4, -34.1, -0.700008, -4.9, -48.5, -0.700008, 4.7, -48.5, -0.700008, 16.1, 36.1, -0.700008, -2.5, 35.8, -0.700008, -4.6, 32.8, -0.700008, -5.5, 35.2, -0.700008, 7.4, 35.5, -0.700008, 8.9, 40, -0.700008, 9.2, 28.9, -0.700008, -1.3, 30.1, -0.700008, 4.4, 31.3, -0.700008, 4.1, 36.1, -0.700008, -2.5, 32.8, -0.700008, -5.5, 28.9, -0.700008, -1.3, 31.3, -0.700008, 4.1, 33.1, -0.700008, 5.3, 38.2, -0.700008, -0.399998, 39.7, -0.700008, 0.5, 38.2, -0.700008, -0.399998, 33.1, -0.700008, 5.3, 33.1, -0.700008, 5.3, 35.2, -0.700008, 7.4, 40, -0.700008, 9.2, 41.2, -0.700008, 0.200001, 39.7, -0.700008, 0.5, 15.1, -0.700008, 2.3, 14.2, -0.700008, 1.1, 11.8, -0.700008, 1.1, 8.8, -0.700008, -2.2, 6.7, -0.700008, -0.399998, 6.7, -0.700008, 1.4, 11.8, -0.700008, 1.1, 11.2, -0.700008, 7.1, 15.1, -0.700008, 2.3, 11.8, -0.700008, 1.1, 6.7, -0.700008, 1.4, 4, -0.700008, 6.5, 7, -0.700008, 11.6, 4, -0.700008, 6.5, 1, -0.700008, 9.2, 1.9, -0.700008, 11.3, 7, -0.700008, 11.6, 6.7, -0.700008, 1.4, 4, -0.700008, 4.1, 4, -0.700008, 6.5, 14.2, -0.700008, 1.1, 15.1, -0.700008, 2.3, 16.9, -0.700008, 1.7, 16.9, -0.700008, -1.6, 26.5, -0.700008, -0.699997, 25.6, -0.700008, -1.3, 22.9, -0.700008, 1.7, 21.1, -0.700008, 2, 16.9, -0.700008, -1.6, 16.9, -0.700008, 1.7, 18.4, -0.700008, 2.6, 25, -0.700008, 7.7, 26.5, -0.700008, 8, 30.1, -0.700008, 4.4, 21.1, -0.700008, 2, 18.4, -0.700008, 2.6, 20.8, -0.700008, 5, 22.9, -0.700008, 1.7, 30.1, -0.700008, 4.4, 28.9, -0.700008, -1.3, 26.5, -0.700008, -0.699997, 22.9, -0.700008, 1.7, 20.8, -0.700008, 5, 25, -0.700008, 7.7, 20.8, -0.700008, 7.1, 24.1, -0.700008, 8.3, 25, -0.700008, 7.7, 20.8, -0.700008, 5, 48.4, -0.700008, 12.5, 48.4, -0.700008, 3.8, 46.9, -0.700008, 12.2, 42.4, -0.700008, 32, 40, -0.700008, 33.8, 40, -0.700008, 38.6, 48.4, -0.700008, 38.6, 48.4, -0.700008, 29.9, 48.4, -0.700008, 12.5, 46.9, -0.700008, 12.2, 45.7, -0.700008, 20.6, 48.4, -0.700008, 21.2, 48.4, -0.700008, 29.9, 45.4, -0.700008, 28.1, 42.4, -0.700008, 32, 48.4, -0.700008, 21.2, 45.7, -0.700008, 20.6, 45.4, -0.700008, 28.1, 48.4, -0.700008, 29.9, 14.8, -0.700008, 18.5, 16, -0.700008, 18.2, 16.3, -0.700008, 17, 12.4, -0.700008, 16.1, 12.4, -0.700008, 16.1, 14.2, -0.700008, 19.4, 14.8, -0.700008, 18.5, 16.9, -0.700008, 11.9, 12.4, -0.700008, 16.1, 16.3, -0.700008, 17, 19.9, -0.700008, 13.7, 20.2, -0.700008, 12.2, 20.2, -0.700008, 12.2, 24.1, -0.700008, 8.3, 20.8, -0.700008, 7.1, 16.9, -0.700008, 11.9, 34.6, -0.700008, 20.6, 34.6, -0.700008, 23.9, 35.5, -0.700008, 23.3, 34.6, -0.700008, 20.6, 35.5, -0.700008, 23.3, 37.3, -0.700008, 23.3, 28.6, -0.700008, 14.3, 26.5, -0.700008, 16.4, 26.2, -0.700008, 17.9, 28.6, -0.700008, 19.4, 33.4, -0.700008, 19.4, 30.7, -0.700008, 14.3, 34.6, -0.700008, 20.6, 37.3, -0.700008, 23.3, 38.2, -0.700008, 23.9, 39.1, -0.700008, 16.7, 26.2, -0.700008, 17.9, 21.7, -0.700008, 22.1, 22, -0.700008, 23, 27.4, -0.700008, 22.1, 27.4, -0.700008, 20.6, 33.4, -0.700008, 19.4, 34.6, -0.700008, 20.6, 39.1, -0.700008, 16.7, 40, -0.700008, 9.2, 35.5, -0.700008, 8.9, 30.7, -0.700008, 14.3, 26.2, -0.700008, 17.9, 27.4, -0.700008, 20.6, 28.6, -0.700008, 19.4, 4, -0.700008, 18.8, 4.3, -0.700008, 20.3, 6.4, -0.700008, 21.8, 11.2, -0.700008, 24.8, 14.8, -0.700008, 24.5, 13.9, -0.700008, 21.5, 1.9, -0.700008, 11.3, -0.799999, -0.700008, 14.3, -0.799999, -0.700008, 15.2, 2.8, -0.700008, 17.6, 7.3, -0.700008, 13.4, 7, -0.700008, 11.6, 14.2, -0.700008, 19.4, 12.4, -0.700008, 16.1, 10, -0.700008, 16.1, 7.3, -0.700008, 13.4, 2.8, -0.700008, 17.6, 4, -0.700008, 18.8, 10, -0.700008, 16.1, 11.2, -0.700008, 24.8, 13.9, -0.700008, 21.5, 14.2, -0.700008, 19.4, 10, -0.700008, 16.1, 4, -0.700008, 18.8, 6.4, -0.700008, 21.8, 31.6, -0.700008, 38.6, 31.6, -0.700008, 33.8, 30.1, -0.700008, 32.9, 25.3, -0.700008, 38.6, 25.3, -0.700008, 38.6, 30.1, -0.700008, 32.9, 28.3, -0.700008, 29.6, 19, -0.700008, 31.1, 19.3, -0.700008, 38.6, 12.7, -0.700008, 32.9, 11.2, -0.700008, 33.2, 11.2, -0.700008, 38.6, 19, -0.700008, 31.1, 13, -0.700008, 32, 12.7, -0.700008, 32.9, 11.2, -0.700008, 38.6, 19.3, -0.700008, 38.6, 31.6, -0.700008, 33.8, 31.6, -0.700008, 38.6, 40, -0.700008, 38.6, 40, -0.700008, 33.8 )
polygons = [ PoolIntArray( 3, 0, 2 ), PoolIntArray( 0, 1, 2 ), PoolIntArray( 7, 4, 6 ), PoolIntArray( 4, 5, 6 ), PoolIntArray( 10, 8, 9 ), PoolIntArray( 14, 11, 13 ), PoolIntArray( 11, 12, 13 ), PoolIntArray( 17, 15, 16 ), PoolIntArray( 21, 18, 20 ), PoolIntArray( 18, 19, 20 ), PoolIntArray( 24, 22, 23 ), PoolIntArray( 27, 25, 26 ), PoolIntArray( 33, 28, 32 ), PoolIntArray( 28, 31, 32 ), PoolIntArray( 28, 30, 31 ), PoolIntArray( 28, 29, 30 ), PoolIntArray( 36, 34, 35 ), PoolIntArray( 39, 37, 38 ), PoolIntArray( 42, 40, 41 ), PoolIntArray( 46, 43, 45 ), PoolIntArray( 43, 44, 45 ), PoolIntArray( 50, 47, 49 ), PoolIntArray( 47, 48, 49 ), PoolIntArray( 53, 51, 52 ), PoolIntArray( 57, 54, 56 ), PoolIntArray( 54, 55, 56 ), PoolIntArray( 61, 58, 60 ), PoolIntArray( 58, 59, 60 ), PoolIntArray( 65, 62, 64 ), PoolIntArray( 62, 63, 64 ), PoolIntArray( 71, 66, 70 ), PoolIntArray( 66, 67, 70 ), PoolIntArray( 67, 68, 70 ), PoolIntArray( 68, 69, 70 ), PoolIntArray( 74, 72, 73 ), PoolIntArray( 77, 75, 76 ), PoolIntArray( 80, 78, 79 ), PoolIntArray( 85, 81, 84 ), PoolIntArray( 81, 83, 84 ), PoolIntArray( 81, 82, 83 ), PoolIntArray( 90, 86, 89 ), PoolIntArray( 86, 88, 89 ), PoolIntArray( 86, 87, 88 ), PoolIntArray( 93, 91, 92 ), PoolIntArray( 97, 94, 96 ), PoolIntArray( 94, 95, 96 ), PoolIntArray( 100, 98, 99 ), PoolIntArray( 106, 101, 105 ), PoolIntArray( 101, 102, 105 ), PoolIntArray( 102, 103, 105 ), PoolIntArray( 103, 104, 105 ), PoolIntArray( 109, 107, 108 ), PoolIntArray( 112, 110, 111 ), PoolIntArray( 115, 113, 114 ), PoolIntArray( 120, 116, 119 ), PoolIntArray( 116, 118, 119 ), PoolIntArray( 116, 117, 118 ), PoolIntArray( 123, 121, 122 ), PoolIntArray( 128, 124, 127 ), PoolIntArray( 124, 125, 127 ), PoolIntArray( 125, 126, 127 ), PoolIntArray( 134, 129, 133 ), PoolIntArray( 129, 132, 133 ), PoolIntArray( 129, 131, 132 ), PoolIntArray( 129, 130, 131 ), PoolIntArray( 137, 135, 136 ), PoolIntArray( 142, 138, 141 ), PoolIntArray( 138, 139, 141 ), PoolIntArray( 139, 140, 141 ), PoolIntArray( 147, 143, 146 ), PoolIntArray( 143, 145, 146 ), PoolIntArray( 143, 144, 145 ), PoolIntArray( 150, 148, 149 ), PoolIntArray( 155, 151, 154 ), PoolIntArray( 151, 152, 154 ), PoolIntArray( 152, 153, 154 ), PoolIntArray( 158, 156, 157 ), PoolIntArray( 161, 159, 160 ), PoolIntArray( 165, 162, 164 ), PoolIntArray( 162, 163, 164 ), PoolIntArray( 168, 166, 167 ), PoolIntArray( 174, 169, 173 ), PoolIntArray( 169, 170, 173 ), PoolIntArray( 170, 171, 173 ), PoolIntArray( 171, 172, 173 ), PoolIntArray( 178, 175, 177 ), PoolIntArray( 175, 176, 177 ), PoolIntArray( 184, 179, 183 ), PoolIntArray( 179, 180, 183 ), PoolIntArray( 180, 181, 183 ), PoolIntArray( 181, 182, 183 ), PoolIntArray( 187, 185, 186 ), PoolIntArray( 190, 188, 189 ), PoolIntArray( 193, 191, 192 ), PoolIntArray( 199, 194, 198 ), PoolIntArray( 194, 197, 198 ), PoolIntArray( 194, 195, 197 ), PoolIntArray( 195, 196, 197 ), PoolIntArray( 203, 200, 202 ), PoolIntArray( 200, 201, 202 ), PoolIntArray( 207, 204, 206 ), PoolIntArray( 204, 205, 206 ), PoolIntArray( 211, 208, 210 ), PoolIntArray( 208, 209, 210 ), PoolIntArray( 214, 212, 213 ), PoolIntArray( 218, 215, 217 ), PoolIntArray( 215, 216, 217 ), PoolIntArray( 222, 219, 221 ), PoolIntArray( 219, 220, 221 ), PoolIntArray( 228, 223, 227 ), PoolIntArray( 223, 226, 227 ), PoolIntArray( 223, 225, 226 ), PoolIntArray( 223, 224, 225 ), PoolIntArray( 231, 229, 230 ), PoolIntArray( 235, 232, 234 ), PoolIntArray( 232, 233, 234 ), PoolIntArray( 238, 236, 237 ), PoolIntArray( 241, 239, 240 ), PoolIntArray( 244, 242, 243 ), PoolIntArray( 249, 245, 248 ), PoolIntArray( 245, 247, 248 ), PoolIntArray( 245, 246, 247 ), PoolIntArray( 253, 250, 252 ), PoolIntArray( 250, 251, 252 ), PoolIntArray( 256, 254, 255 ), PoolIntArray( 259, 257, 258 ), PoolIntArray( 262, 260, 261 ), PoolIntArray( 268, 263, 267 ), PoolIntArray( 263, 264, 267 ), PoolIntArray( 264, 265, 267 ), PoolIntArray( 265, 266, 267 ), PoolIntArray( 271, 269, 270 ), PoolIntArray( 274, 272, 273 ), PoolIntArray( 278, 275, 277 ), PoolIntArray( 275, 276, 277 ), PoolIntArray( 282, 279, 281 ), PoolIntArray( 279, 280, 281 ), PoolIntArray( 288, 283, 287 ), PoolIntArray( 283, 284, 287 ), PoolIntArray( 284, 286, 287 ), PoolIntArray( 284, 285, 286 ), PoolIntArray( 291, 289, 290 ), PoolIntArray( 295, 292, 294 ), PoolIntArray( 292, 293, 294 ), PoolIntArray( 298, 296, 297 ), PoolIntArray( 301, 299, 300 ), PoolIntArray( 305, 302, 304 ), PoolIntArray( 302, 303, 304 ), PoolIntArray( 309, 306, 308 ), PoolIntArray( 306, 307, 308 ), PoolIntArray( 313, 310, 312 ), PoolIntArray( 310, 311, 312 ), PoolIntArray( 316, 314, 315 ), PoolIntArray( 321, 317, 320 ), PoolIntArray( 317, 318, 320 ), PoolIntArray( 318, 319, 320 ), PoolIntArray( 324, 322, 323 ), PoolIntArray( 327, 325, 326 ), PoolIntArray( 330, 328, 329 ), PoolIntArray( 336, 331, 335 ), PoolIntArray( 331, 334, 335 ), PoolIntArray( 331, 333, 334 ), PoolIntArray( 331, 332, 333 ), PoolIntArray( 339, 337, 338 ), PoolIntArray( 344, 340, 343 ), PoolIntArray( 340, 341, 343 ), PoolIntArray( 341, 342, 343 ), PoolIntArray( 347, 345, 346 ), PoolIntArray( 351, 348, 350 ), PoolIntArray( 348, 349, 350 ), PoolIntArray( 357, 352, 356 ), PoolIntArray( 352, 355, 356 ), PoolIntArray( 352, 354, 355 ), PoolIntArray( 352, 353, 354 ), PoolIntArray( 361, 358, 360 ), PoolIntArray( 358, 359, 360 ), PoolIntArray( 364, 362, 363 ), PoolIntArray( 368, 365, 367 ), PoolIntArray( 365, 366, 367 ), PoolIntArray( 371, 369, 370 ), PoolIntArray( 375, 372, 374 ), PoolIntArray( 372, 373, 374 ), PoolIntArray( 378, 376, 377 ), PoolIntArray( 382, 379, 381 ), PoolIntArray( 379, 380, 381 ), PoolIntArray( 388, 383, 387 ), PoolIntArray( 383, 386, 387 ), PoolIntArray( 383, 385, 386 ), PoolIntArray( 383, 384, 385 ), PoolIntArray( 392, 389, 391 ), PoolIntArray( 389, 390, 391 ), PoolIntArray( 395, 393, 394 ), PoolIntArray( 400, 396, 399 ), PoolIntArray( 396, 397, 399 ), PoolIntArray( 397, 398, 399 ), PoolIntArray( 404, 401, 403 ), PoolIntArray( 401, 402, 403 ), PoolIntArray( 407, 405, 406 ), PoolIntArray( 411, 408, 410 ), PoolIntArray( 408, 409, 410 ), PoolIntArray( 415, 412, 414 ), PoolIntArray( 412, 413, 414 ), PoolIntArray( 418, 416, 417 ), PoolIntArray( 423, 419, 422 ), PoolIntArray( 419, 421, 422 ), PoolIntArray( 419, 420, 421 ), PoolIntArray( 427, 424, 426 ), PoolIntArray( 424, 425, 426 ), PoolIntArray( 430, 428, 429 ), PoolIntArray( 433, 431, 432 ), PoolIntArray( 439, 434, 438 ), PoolIntArray( 434, 437, 438 ), PoolIntArray( 434, 435, 437 ), PoolIntArray( 435, 436, 437 ), PoolIntArray( 443, 440, 442 ), PoolIntArray( 440, 441, 442 ), PoolIntArray( 448, 444, 447 ), PoolIntArray( 444, 445, 447 ), PoolIntArray( 445, 446, 447 ), PoolIntArray( 454, 449, 453 ), PoolIntArray( 449, 450, 453 ), PoolIntArray( 450, 451, 453 ), PoolIntArray( 451, 452, 453 ), PoolIntArray( 457, 455, 456 ), PoolIntArray( 460, 458, 459 ), PoolIntArray( 463, 461, 462 ), PoolIntArray( 469, 464, 468 ), PoolIntArray( 464, 465, 468 ), PoolIntArray( 465, 466, 468 ), PoolIntArray( 466, 467, 468 ), PoolIntArray( 472, 470, 471 ), PoolIntArray( 476, 473, 475 ), PoolIntArray( 473, 474, 475 ), PoolIntArray( 482, 477, 481 ), PoolIntArray( 477, 478, 481 ), PoolIntArray( 478, 479, 481 ), PoolIntArray( 479, 480, 481 ), PoolIntArray( 486, 483, 485 ), PoolIntArray( 483, 484, 485 ), PoolIntArray( 491, 487, 490 ), PoolIntArray( 487, 488, 490 ), PoolIntArray( 488, 489, 490 ), PoolIntArray( 494, 492, 493 ), PoolIntArray( 499, 495, 498 ), PoolIntArray( 495, 497, 498 ), PoolIntArray( 495, 496, 497 ), PoolIntArray( 503, 500, 502 ), PoolIntArray( 500, 501, 502 ) ]
sample_partition_type/sample_partition_type = 0
cell/size = 0.3
cell/height = 0.2
agent/height = 2.0
agent/radius = 1.5
agent/max_climb = 0.1
agent/max_slope = 45.0
region/min_size = 8.0
region/merge_size = 20.0
edge/max_length = 12.0
edge/max_error = 1.3
polygon/verts_per_poly = 6.0
detail/sample_distance = 6.0
detail/sample_max_error = 1.0
filter/low_hanging_obstacles = false
filter/ledge_spans = false
filter/filter_walkable_low_height_spans = false
_sections_unfolded = [ "agent" ]

[node name="World" index="0" instance=ExtResource( 1 )]

[node name="NavigationMeshInstance" parent="Navigation" index="0"]

navmesh = SubResource( 1 )

[node name="Level Boundaries" type="Spatial" parent="Navigation/NavigationMeshInstance" index="1"]

editor/display_folded = true
transform = Transform( -0.0320956, 0, -0.999485, 0, 1, 0, 0.999485, 0, -0.0320956, 46.4833, 0.0198364, 7.97507 )

[node name="BGForestMedium2" parent="Navigation/NavigationMeshInstance/Level Boundaries" index="0" instance=ExtResource( 2 )]

transform = Transform( -0.203442, 0, 0.979088, 0, 1, 0, -0.979088, 0, -0.203442, 19.7975, 0, 24.6736 )

[node name="BGForestMedium3" parent="Navigation/NavigationMeshInstance/Level Boundaries" index="1" instance=ExtResource( 2 )]

transform = Transform( 0.717693, 0, 0.696362, 0, 1, 0, -0.696362, 0, 0.717693, 0.490414, 0, 61.5379 )

[node name="BGForestMedium4" parent="Navigation/NavigationMeshInstance/Level Boundaries" index="2" instance=ExtResource( 2 )]

transform = Transform( 0.521325, 0, 0.853359, 0, 1, 0, -0.853359, 0, 0.521325, 18.6103, 0, 40.5933 )

[node name="BGForestMedium5" parent="Navigation/NavigationMeshInstance/Level Boundaries" index="3" instance=ExtResource( 2 )]

transform = Transform( 0.74969, 0, 0.661792, 0, 1, 0, -0.661792, 0, 0.74969, -6.47138, 0, 72.4022 )

[node name="BGForestMedium6" parent="Navigation/NavigationMeshInstance/Level Boundaries" index="4" instance=ExtResource( 2 )]

transform = Transform( 0.998194, 0, 0.0601087, 0, 1, 0, -0.0601087, 0, 0.998194, -30.8502, 0, 85.8385 )

[node name="BGForestMedium15" parent="Navigation/NavigationMeshInstance/Level Boundaries" index="5" instance=ExtResource( 2 )]

transform = Transform( 0.724495, 0, 0.689283, 0, 1, 0, -0.689283, 0, 0.724495, -18.5571, 0, 79.6602 )

[node name="BGForestMedium7" parent="Navigation/NavigationMeshInstance/Level Boundaries" index="6" instance=ExtResource( 2 )]

transform = Transform( -0.392008, 0, -0.919965, 0, 1, 0, 0.919965, 0, -0.392008, -39.5466, 0, 58.1591 )

[node name="BGForestMedium8" parent="Navigation/NavigationMeshInstance/Level Boundaries" index="7" instance=ExtResource( 2 )]

transform = Transform( 0.575713, 0, 0.817654, 0, 1, 0, -0.817654, 0, 0.575713, 9.87389, 0, 51.7187 )

[node name="BGForestMedium9" parent="Navigation/NavigationMeshInstance/Level Boundaries" index="8" instance=ExtResource( 2 )]

transform = Transform( -0.392008, 0, -0.919965, 0, 1, 0, 0.919965, 0, -0.392008, -33.729, 0, 41.48 )

[node name="BGForestMedium10" parent="Navigation/NavigationMeshInstance/Level Boundaries" index="9" instance=ExtResource( 2 )]

transform = Transform( -0.392008, 0, -0.919965, 0, 1, 0, 0.919965, 0, -0.392008, -28.1161, 0, 26.1952 )

[node name="BGForestMedium11" parent="Navigation/NavigationMeshInstance/Level Boundaries" index="10" instance=ExtResource( 2 )]

transform = Transform( -0.392008, 0, -0.919965, 0, 1, 0, 0.919965, 0, -0.392008, -25.9565, 0, 10.4987 )

[node name="BGForestMedium12" parent="Navigation/NavigationMeshInstance/Level Boundaries" index="11" instance=ExtResource( 2 )]

transform = Transform( -0.999731, 1.02154e-008, 0.0233434, 1.12944e-008, 1, 4.60887e-008, -0.0233434, 4.63396e-008, -0.999731, -13.9632, 0, 1.82011 )

[node name="BGForestMedium14" parent="Navigation/NavigationMeshInstance/Level Boundaries" index="12" instance=ExtResource( 2 )]

transform = Transform( -0.994101, 1.15231e-008, 0.108508, 1.71281e-008, 1, 5.07236e-008, -0.108508, 5.22825e-008, -0.994101, 3.6584, 0, 2.96536 )

[node name="Inner Trees" type="Spatial" parent="Navigation/NavigationMeshInstance" index="2"]

transform = Transform( -0.632099, 0, -0.774888, 0, 1, 0, 0.774888, 0, -0.632099, 43.0767, 0, 29.6455 )

[node name="ForestWall4" parent="Navigation/NavigationMeshInstance/Inner Trees" index="0" instance=ExtResource( 3 )]

transform = Transform( 0.99691, 0, -0.0785523, 0, 1, 0, 0.0785523, 0, 0.99691, -25.1718, 0, 23.3933 )

[node name="Spatial" type="Spatial" parent="Navigation/NavigationMeshInstance/Inner Trees" index="1"]

editor/display_folded = true
transform = Transform( 1, 0, 0, 0, 1, 0, 0, 0, 1, 4.3591, 0, 24.2635 )

[node name="ForestWall5" parent="Navigation/NavigationMeshInstance/Inner Trees/Spatial" index="0" instance=ExtResource( 3 )]

transform = Transform( 0.99691, 0, -0.0785523, 0, 1, 0, 0.0785523, 0, 0.99691, -11.963, 0, -1.52411 )

[node name="ForestWall2" parent="Navigation/NavigationMeshInstance/Inner Trees/Spatial" index="1" instance=ExtResource( 3 )]

transform = Transform( 0.99691, 0, -0.0785523, 0, 1, 0, 0.0785523, 0, 0.99691, -5.92052, 0, 0.390888 )

[node name="ForestWall3" parent="Navigation/NavigationMeshInstance/Inner Trees/Spatial" index="2" instance=ExtResource( 3 )]

transform = Transform( 0.99691, 0, -0.0785523, 0, 1, 0, 0.0785523, 0, 0.99691, -0.0193176, 0, 0.346186 )

[node name="ForestWall4" parent="Navigation/NavigationMeshInstance/Inner Trees/Spatial" index="3" instance=ExtResource( 3 )]

transform = Transform( 0.607076, 0, 0.794644, 0, 1, 0, -0.794644, 0, 0.607076, 5.9382, 0, -0.409908 )

[node name="Spatial2" type="Spatial" parent="Navigation/NavigationMeshInstance/Inner Trees" index="2"]

transform = Transform( -0.261099, 0, -0.965312, 0, 1, 0, 0.965312, 0, -0.261099, -14.3308, 0, 36.0569 )

[node name="ForestWall2" parent="Navigation/NavigationMeshInstance/Inner Trees/Spatial2" index="0" instance=ExtResource( 3 )]

transform = Transform( 1, 0, 2.98023e-008, 0, 1, 0, -2.98023e-008, 0, 1, 3.76378, 0, 8.65232 )

[node name="ForestWall3" parent="Navigation/NavigationMeshInstance/Inner Trees/Spatial2" index="1" instance=ExtResource( 3 )]

transform = Transform( -0.184465, 0, 0.982839, 0, 1, 0, -0.982839, 0, -0.184465, -1.00152, 0, 3.97747 )

[node name="ForestWall5" parent="Navigation/NavigationMeshInstance/Inner Trees/Spatial2" index="2" instance=ExtResource( 3 )]

transform = Transform( -0.184465, 0, 0.982839, 0, 1, 0, -0.982839, 0, -0.184465, 0.159712, 0, -2.03229 )

[node name="ForestWall6" parent="Navigation/NavigationMeshInstance/Inner Trees/Spatial2" index="3" instance=ExtResource( 3 )]

transform = Transform( -0.184465, 0, 0.982839, 0, 1, 0, -0.982839, 0, -0.184465, 4.14869, 0, -2.93078 )

[node name="ForestWall7" parent="Navigation/NavigationMeshInstance/Inner Trees/Spatial2" index="4" instance=ExtResource( 3 )]

transform = Transform( -0.184465, 0, 0.982839, 0, 1, 0, -0.982839, 0, -0.184465, 5.58925, 0, -8.76386 )

[node name="ForestWall8" parent="Navigation/NavigationMeshInstance/Inner Trees/Spatial2" index="5" instance=ExtResource( 3 )]

transform = Transform( -0.474998, 0, 0.879987, 0, 1, 0, -0.879987, 0, -0.474998, 8.37404, 0, 5.49294 )

[node name="ForestWall9" parent="Navigation/NavigationMeshInstance/Inner Trees/Spatial2" index="6" instance=ExtResource( 3 )]

transform = Transform( 0.834366, 0, 0.551211, 0, 1, 0, -0.551211, 0, 0.834366, 5.138, 0, 1.97437 )

[node name="Spatial3" type="Spatial" parent="Navigation/NavigationMeshInstance/Inner Trees" index="3"]

editor/display_folded = true
transform = Transform( 0.99691, 0, -0.0785523, 0, 1, 0, 0.0785523, 0, 0.99691, -0.364718, 0, 35.3261 )

[node name="ForestWall2" parent="Navigation/NavigationMeshInstance/Inner Trees/Spatial3" index="0" instance=ExtResource( 3 )]

transform = Transform( 1, 0, 0, 0, 1, 0, 0, 0, 1, 4.76837e-007, 0, -3.8147e-006 )

[node name="ForestWall3" parent="Navigation/NavigationMeshInstance/Inner Trees/Spatial3" index="1" instance=ExtResource( 3 )]

transform = Transform( 1, 0, 0, 0, 1, 0, 0, 0, 1, 5.78127, 0, -0.1499 )

[node name="Spatial5" type="Spatial" parent="Navigation/NavigationMeshInstance/Inner Trees" index="4"]

editor/display_folded = true
transform = Transform( 0.99691, 0, -0.0785523, 0, 1, 0, 0.0785523, 0, 0.99691, 8.04913, 0, 49.5417 )

[node name="ForestWall2" parent="Navigation/NavigationMeshInstance/Inner Trees/Spatial5" index="0" instance=ExtResource( 3 )]

transform = Transform( 1, 0, 0, 0, 1, 0, 0, 0, 1, 7.12549, 0, -2.94568 )

[node name="ForestWall6" parent="Navigation/NavigationMeshInstance/Inner Trees/Spatial5" index="1" instance=ExtResource( 3 )]

transform = Transform( 1, 0, 0, 0, 1, 0, 0, 0, 1, 1.46345, 0, -0.606476 )

[node name="ForestWall3" parent="Navigation/NavigationMeshInstance/Inner Trees/Spatial5" index="2" instance=ExtResource( 3 )]

transform = Transform( 1, 0, 0, 0, 1, 0, 0, 0, 1, -4.01283, 0, 0.830834 )

[node name="Spatial4" type="Spatial" parent="Navigation/NavigationMeshInstance/Inner Trees" index="5"]

editor/display_folded = true
transform = Transform( 0.907622, 0, 0.419789, 0, 1, 0, -0.419789, 0, 0.907622, -15.1225, 0, 54.2313 )

[node name="ForestWall6" parent="Navigation/NavigationMeshInstance/Inner Trees/Spatial4" index="0" instance=ExtResource( 3 )]

transform = Transform( 1, 0, 1.49012e-008, 0, 1, 0, -1.49012e-008, 0, 1, 2.70579, 0, 0.981161 )

[node name="ForestWall7" parent="Navigation/NavigationMeshInstance/Inner Trees/Spatial4" index="1" instance=ExtResource( 3 )]

transform = Transform( 1, 0, 1.49012e-008, 0, 1, 0, -1.49012e-008, 0, 1, -3.63818, 0, 0.802088 )

[node name="Spatial6" type="Spatial" parent="Navigation/NavigationMeshInstance/Inner Trees" index="6"]

editor/display_folded = true
transform = Transform( 0.284097, 0, 0.958796, 0, 1, 0, -0.958796, 0, 0.284097, 5.92178, 0, 70.6544 )

[node name="ForestWall5" parent="Navigation/NavigationMeshInstance/Inner Trees/Spatial6" index="0" instance=ExtResource( 3 )]

transform = Transform( 1, 0, 5.96046e-008, 0, 1, 0, -5.96046e-008, 0, 1, 7.23384, 0, -10.6084 )

[node name="ForestWall7" parent="Navigation/NavigationMeshInstance/Inner Trees/Spatial6" index="1" instance=ExtResource( 3 )]

transform = Transform( 0.207903, 0, -0.978149, 0, 1, 0, 0.978149, 0, 0.207903, 3.2965, 0, -7.38626 )

[node name="ForestWall8" parent="Navigation/NavigationMeshInstance/Inner Trees/Spatial6" index="2" instance=ExtResource( 3 )]

transform = Transform( 0.207903, 0, -0.978149, 0, 1, 0, 0.978149, 0, 0.207903, 1.79425, 0, -0.840102 )

[node name="ForestWall9" parent="Navigation/NavigationMeshInstance/Inner Trees/Spatial6" index="3" instance=ExtResource( 3 )]

transform = Transform( 0.207903, 0, -0.978149, 0, 1, 0, 0.978149, 0, 0.207903, 0.599548, 0, 5.49938 )

[node name="ForestWall10" parent="Navigation/NavigationMeshInstance/Inner Trees/Spatial6" index="4" instance=ExtResource( 3 )]

transform = Transform( 0.207903, 0, -0.978149, 0, 1, 0, 0.978149, 0, 0.207903, -2.3999, 0, 9.41996 )

[node name="ForestWall11" parent="Navigation/NavigationMeshInstance/Inner Trees" index="7" instance=ExtResource( 3 )]

transform = Transform( 0.99691, 0, -0.0785523, 0, 1, 0, 0.0785523, 0, 0.99691, -13.6683, 0, 70.3088 )

[node name="Spatial7" type="Spatial" parent="Navigation/NavigationMeshInstance/Inner Trees" index="8"]

editor/display_folded = true
transform = Transform( 0.99691, 0, -0.0785523, 0, 1, 0, 0.0785523, 0, 0.99691, -3.79365, 0, 86.2927 )

[node name="ForestWall12" parent="Navigation/NavigationMeshInstance/Inner Trees/Spatial7" index="0" instance=ExtResource( 3 )]

transform = Transform( 1, 0, 0, 0, 1, 0, 0, 0, 1, -3.69126, 0, -0.236313 )

[node name="ForestWall13" parent="Navigation/NavigationMeshInstance/Inner Trees/Spatial7" index="1" instance=ExtResource( 3 )]

transform = Transform( 1, 0, 0, 0, 1, 0, 0, 0, 1, 2.25072, 0, -0.776333 )

[node name="Clearing" type="Spatial" parent="Navigation/NavigationMeshInstance" index="3"]

editor/display_folded = true
transform = Transform( 1, 0, 0, 0, 1, 0, 0, 0, 1, 41.4713, 0, 0 )
_sections_unfolded = [ "Transform" ]

[node name="ClearingTrees" type="Spatial" parent="Navigation/NavigationMeshInstance/Clearing" index="0"]

[node name="BGForestSmall" parent="Navigation/NavigationMeshInstance/Clearing/ClearingTrees" index="0" instance=ExtResource( 4 )]

transform = Transform( 0.0334768, 0, 0.999439, 0, 1, 0, -0.999439, 0, 0.0334768, -10.578, 0, 23.9865 )
_sections_unfolded = [ "Transform" ]

[node name="BGForestSmall4" parent="Navigation/NavigationMeshInstance/Clearing/ClearingTrees" index="1" instance=ExtResource( 4 )]

transform = Transform( -0.632099, 0, -0.774888, 0, 1, 0, 0.774888, 0, -0.632099, -1.27712, -7.62939e-006, 28.5604 )
_sections_unfolded = [ "Transform" ]

[node name="BGForestSmall5" parent="Navigation/NavigationMeshInstance/Clearing/ClearingTrees" index="2" instance=ExtResource( 4 )]

transform = Transform( 1, 0, 0, 0, 1, 0, 0, 0, 1, -4.8768, -7.62939e-006, 30.2616 )
_sections_unfolded = [ "Transform" ]

[node name="BGForestSmall6" parent="Navigation/NavigationMeshInstance/Clearing/ClearingTrees" index="3" instance=ExtResource( 4 )]

transform = Transform( -0.528993, 0, 0.848626, 0, 1, 0, -0.848626, 0, -0.528993, -9.44237, -7.62939e-006, 28.6415 )
_sections_unfolded = [ "Transform" ]

[node name="BGForestSmall2" parent="Navigation/NavigationMeshInstance/Clearing/ClearingTrees" index="4" instance=ExtResource( 4 )]

transform = Transform( 0.0334768, 0, 0.999439, 0, 1, 0, -0.999439, 0, 0.0334768, 0.519581, 0, 23.772 )
_sections_unfolded = [ "Transform" ]

[node name="Campfire" parent="Navigation/NavigationMeshInstance/Clearing" index="1" instance=ExtResource( 5 )]

transform = Transform( 0.950468, 0, -0.310822, 0, 1, 0, 0.310822, 0, 0.950468, -5.16019, 0, 25.4719 )

[node name="Player" parent="." index="1"]

transform = Transform( -1, 0, -8.74228e-008, 0, 1, 0, 8.74228e-008, 0, -1, 36.4386, 0, 23.387 )

[node name="Monsters" type="Spatial" parent="." index="4"]

_sections_unfolded = [ "Transform", "Visibility" ]

[node name="Monster" parent="Monsters" index="0" instance=ExtResource( 6 )]

transform = Transform( 1, 0, 0, 0, 1, 0, 0, 0, 1, 15.0332, 0, 1.52664 )

[node name="ItemTapshoe" parent="." index="5" instance=ExtResource( 7 )]

transform = Transform( 1, 0, 0, 0, 1, 0, 0, 0, 1, -22.0169, 0, -16.6595 )


